PER12_SVMP_1.SVMP_2::scaffold-mi1:14081201-14081716	923	930	NR4A2	-1	1.06896	1.06923	1.06741
PER12_SVMP_1.SVMP_2::scaffold-mi1:14081201-14081716	904	911	NR4A2	-1	1.38027	1.46081	1.81799
PER12_SVMP_1.SVMP_2::scaffold-mi1:14081201-14081716	825	839	EHF	-1	1.58475	2.13293	2.05211
PER12_SVMP_1.SVMP_2::scaffold-mi1:14081201-14081716	782	796	EHF	-1	1.98637	2.34396	2.26365
PER12_SVMP_1.SVMP_2::scaffold-mi1:14081201-14081716	455	461	MEIS1	1	0.71962	0.46313	0.71308
PER12_SVMP_1.SVMP_2::scaffold-mi1:14081201-14081716	618	620	MEIS1_split1	1	1.35904	1.08037	1.46783
PER12_SVMP_1.SVMP_2::scaffold-mi1:14081201-14081716	622	624	MEIS1_split2	1	1.35904	1.08037	1.46783
PER12_SVMP_1.SVMP_2::scaffold-mi1:14081201-14081716	671	677	MEIS1	1	1.22588	1.30683	1.53102
PER12_SVMP_1.SVMP_2::scaffold-mi1:14081201-14081716	757	763	MEIS1	1	1.90280	2.08125	2.18521
PER12_SVMP_1.SVMP_2::scaffold-mi1:14081201-14081716	904	910	MEIS1	-1	1.42425	1.46267	1.85431
PER12_SVMP_1.SVMP_2::scaffold-mi1:14081201-14081716	586	592	MEIS1	-1	0.97342	0.75659	1.32392
PER12_SVMP_1.SVMP_2::scaffold-mi1:14081201-14081716	562	568	MEIS1	-1	1.24300	0.67888	1.07468
PER12_SVMP_1.SVMP_2::scaffold-mi1:14081201-14081716	311	317	MEIS1	-1	0.77302	0.36459	0.31185
PER12_SVMP_1.SVMP_2::scaffold-mi1:14081201-14081716	784	794	ELF5	1	1.98637	2.34396	2.26365
PER12_SVMP_1.SVMP_2::scaffold-mi1:14081201-14081716	794	804	ELF5	1	1.96560	2.28650	2.26365
PER12_SVMP_1.SVMP_2::scaffold-mi1:14081201-14081716	827	837	ELF5	1	1.58475	2.13371	2.05211
PER12_SVMP_1.SVMP_2::scaffold-mi1:14081201-14081716	717	727	FOS	1	1.59497	1.99027	2.45908
PER12_SVMP_1.SVMP_2::scaffold-mi1:14081201-14081716	744	750	FOXI1	1	1.79067	1.99027	2.48884
PER12_SVMP_1.SVMP_2::scaffold-mi1:14081201-14081716	599	605	FOXI1	-1	1.35904	1.04284	1.34188
PER12_SVMP_1.SVMP_2::scaffold-mi1:14081201-14081716	196	202	FOXI1	-1	0.58345	0.44062	0.40694
PER12_SVMP_1.SVMP_2::scaffold-mi1:14081201-14081716	724	732	NFIX	1	1.73952	1.99027	2.48884
PER12_SVMP_1.SVMP_2::scaffold-mi1:14081201-14081716	972	980	NFIX	-1	0.78939	0.71012	0.58370
PER12_SVMP_1.SVMP_2::scaffold-mi1:14081201-14081716	934	942	NFIX	-1	1.06896	0.80338	0.94727
PER12_SVMP_1.SVMP_2::scaffold-mi1:14081201-14081716	922	930	NFIX	-1	1.06896	1.07846	1.08848
PER12_SVMP_1.SVMP_2::scaffold-mi1:14081201-14081716	774	782	NFIX	-1	1.98637	2.34396	2.26365
PER12_SVMP_1.SVMP_2::scaffold-mi1:14081201-14081716	628	636	NFIX	-1	1.35904	1.17996	1.48375
PER12_SVMP_1.SVMP_2::scaffold-mi1:14081201-14081716	579	587	NFIX	-1	1.08690	0.75659	1.21981
PER12_SVMP_1.SVMP_2::scaffold-mi1:14081201-14081716	190	198	NFIX	-1	0.58345	0.44062	0.41662
PER12_SVMP_1.SVMP_2::scaffold-mi1:14081201-14081716	927	936	NFATC1	1	1.06896	0.87286	0.95874
PER12_SVMP_1.SVMP_2::scaffold-mi1:14081201-14081716	828	837	NFATC1	-1	1.58475	2.13139	2.05211
PER12_SVMP_1.SVMP_2::scaffold-mi1:14081201-14081716	795	804	NFATC1	-1	1.96329	2.28012	2.26365
PER12_SVMP_1.SVMP_2::scaffold-mi1:14081201-14081716	785	794	NFATC1	-1	1.98637	2.34396	2.26365
PER12_SVMP_1.SVMP_2::scaffold-mi1:14081201-14081716	744	750	FOXO4	1	1.79067	1.99027	2.48884
PER12_SVMP_1.SVMP_2::scaffold-mi1:14081201-14081716	847	849	FOXO4_split1	1	1.53535	1.93277	1.93798
PER12_SVMP_1.SVMP_2::scaffold-mi1:14081201-14081716	867	869	FOXO4_split2	1	1.53535	1.93277	1.93798
PER12_SVMP_1.SVMP_2::scaffold-mi1:14081201-14081716	836	842	FOXO4	-1	1.58475	2.10001	2.05211
PER12_SVMP_1.SVMP_2::scaffold-mi1:14081201-14081716	599	605	FOXO4	-1	1.35904	1.04284	1.34188
PER12_SVMP_1.SVMP_2::scaffold-mi1:14081201-14081716	247	250	FOXO4_split1	-1	0.77302	0.41616	0.31148
PER12_SVMP_1.SVMP_2::scaffold-mi1:14081201-14081716	260	261	FOXO4_split2	-1	0.77302	0.41616	0.31148
PER12_SVMP_1.SVMP_2::scaffold-mi1:14081201-14081716	196	202	FOXO4	-1	0.58345	0.44062	0.40694
PER12_SVMP_1.SVMP_2::scaffold-mi1:14081201-14081716	612	619	Dlx4	1	1.35904	1.07350	1.42017
PER12_SVMP_1.SVMP_2::scaffold-mi1:14081201-14081716	970	977	Dlx4	-1	0.90377	0.75071	0.65647
PER12_SVMP_1.SVMP_2::scaffold-mi1:14081201-14081716	814	821	Dlx4	-1	1.58475	2.15457	1.99255
PER12_SVMP_1.SVMP_2::scaffold-mi1:14081201-14081716	792	799	Dlx4	-1	1.98637	2.34396	2.26365
PER12_SVMP_1.SVMP_2::scaffold-mi1:14081201-14081716	741	748	Dlx4	-1	1.79067	1.99027	2.48884
PER12_SVMP_1.SVMP_2::scaffold-mi1:14081201-14081716	738	745	Dlx4	-1	1.79067	1.99027	2.48884
PER12_SVMP_1.SVMP_2::scaffold-mi1:14081201-14081716	451	458	Dlx4	-1	0.68723	0.45561	0.67095
PER12_SVMP_1.SVMP_2::scaffold-mi1:14081201-14081716	570	577	PITX2	1	1.24300	0.74829	1.01425
PER12_SVMP_1.SVMP_2::scaffold-mi1:14081201-14081716	659	660	PITX2_split1	1	1.10792	1.16559	1.47154
PER12_SVMP_1.SVMP_2::scaffold-mi1:14081201-14081716	662	666	PITX2_split2	1	1.10792	1.16559	1.47154
PER12_SVMP_1.SVMP_2::scaffold-mi1:14081201-14081716	814	821	PITX2	1	1.58475	2.15457	1.99255
PER12_SVMP_1.SVMP_2::scaffold-mi1:14081201-14081716	781	788	PITX2	-1	1.98637	2.34396	2.26365
PER12_SVMP_1.SVMP_2::scaffold-mi1:14081201-14081716	308	316	SOX9	1	0.77302	0.38548	0.31148
PER12_SVMP_1.SVMP_2::scaffold-mi1:14081201-14081716	953	955	SOX9_split1	-1	1.06392	0.80338	0.94727
PER12_SVMP_1.SVMP_2::scaffold-mi1:14081201-14081716	961	965	SOX9_split2	-1	1.06392	0.80338	0.94727
PER12_SVMP_1.SVMP_2::scaffold-mi1:14081201-14081716	938	945	Bhlha15	1	1.06896	0.80338	0.94727
PER12_SVMP_1.SVMP_2::scaffold-mi1:14081201-14081716	741	752	FOXC2	1	1.73302	1.98124	2.48884
PER12_SVMP_1.SVMP_2::scaffold-mi1:14081201-14081716	796	807	FOXC2	1	1.90437	2.17965	2.26365
PER12_SVMP_1.SVMP_2::scaffold-mi1:14081201-14081716	886	897	FOXC2	-1	1.52449	1.46921	1.93798
PER12_SVMP_1.SVMP_2::scaffold-mi1:14081201-14081716	597	608	FOXC2	-1	1.35904	1.03431	1.34188
PER12_SVMP_1.SVMP_2::scaffold-mi1:14081201-14081716	598	605	FOXO3	-1	1.35904	1.02957	1.34188
PER12_SVMP_1.SVMP_2::scaffold-mi1:14081201-14081716	246	250	FOXO3_split1	-1	0.77302	0.41616	0.31148
PER12_SVMP_1.SVMP_2::scaffold-mi1:14081201-14081716	260	261	FOXO3_split2	-1	0.77302	0.41616	0.31148
PER12_SVMP_1.SVMP_2::scaffold-mi1:14081201-14081716	724	733	NFIA	1	1.74521	1.99027	2.48884
PER12_SVMP_1.SVMP_2::scaffold-mi1:14081201-14081716	330	335	Arid3a	1	0.70009	0.39221	0.47514
PER12_SVMP_1.SVMP_2::scaffold-mi1:14081201-14081716	552	557	Arid3a	1	1.23295	0.66934	1.07468
PER12_SVMP_1.SVMP_2::scaffold-mi1:14081201-14081716	744	749	Arid3a	1	1.79067	1.99027	2.48884
PER12_SVMP_1.SVMP_2::scaffold-mi1:14081201-14081716	941	946	Arid3a	-1	1.06896	0.80338	0.94727
PER12_SVMP_1.SVMP_2::scaffold-mi1:14081201-14081716	721	726	Arid3a	-1	1.64960	1.99027	2.48884
PER12_SVMP_1.SVMP_2::scaffold-mi1:14081201-14081716	687	692	Arid3a	-1	1.37092	1.65134	1.59788
PER12_SVMP_1.SVMP_2::scaffold-mi1:14081201-14081716	635	640	Arid3a	-1	1.35904	1.21086	1.48375
PER12_SVMP_1.SVMP_2::scaffold-mi1:14081201-14081716	611	616	Arid3a	-1	1.35904	1.07350	1.38546
PER12_SVMP_1.SVMP_2::scaffold-mi1:14081201-14081716	594	599	Arid3a	-1	1.32378	0.86127	1.34188
PER12_SVMP_1.SVMP_2::scaffold-mi1:14081201-14081716	548	553	Arid3a	-1	1.23295	0.66931	1.07468
PER13_SVMP_5::scaffold-mi1:14193527-14194171	434	436	Dlx4_split1	-1	2.80792	1.17078	5.04815
PER13_SVMP_5::scaffold-mi1:14193527-14194171	459	462	Dlx4_split2	-1	2.80792	1.17078	5.04815
PER13_SVMP_5::scaffold-mi1:14193527-14194171	322	332	ELF5	1	2.87185	0.64590	3.08551
PER13_SVMP_5::scaffold-mi1:14193527-14194171	600	610	ELF5	1	2.33369	0.91746	3.77255
PER13_SVMP_5::scaffold-mi1:14193527-14194171	876	886	ELF5	-1	0.97670	0.88963	0.77532
PER13_SVMP_5::scaffold-mi1:14193527-14194171	675	685	ELF5	-1	1.81672	1.21365	2.18586
PER13_SVMP_5::scaffold-mi1:14193527-14194171	236	246	ELF5	-1	1.64948	0.39823	1.37561
PER13_SVMP_5::scaffold-mi1:14193527-14194171	211	221	FOS	1	1.41164	0.26733	0.65921
PER13_SVMP_5::scaffold-mi1:14193527-14194171	477	486	FOS_split1	1	2.80792	1.17064	5.04815
PER13_SVMP_5::scaffold-mi1:14193527-14194171	484	486	FOS_split1	1	2.80792	1.08352	4.96496
PER13_SVMP_5::scaffold-mi1:14193527-14194171	563	569	FOS_split2	1	2.80792	1.08352	4.96496
PER13_SVMP_5::scaffold-mi1:14193527-14194171	211	221	FOS	-1	1.41164	0.26733	0.65921
PER13_SVMP_5::scaffold-mi1:14193527-14194171	707	714	PITX2	-1	1.48388	1.08736	1.77491
PER13_SVMP_5::scaffold-mi1:14193527-14194171	430	436	PITX2_split1	-1	2.80792	1.17078	5.04815
PER13_SVMP_5::scaffold-mi1:14193527-14194171	283	289	MEIS1	1	1.88263	0.46402	1.91960
PER13_SVMP_5::scaffold-mi1:14193527-14194171	465	471	MEIS1	1	2.80792	1.17078	5.04815
PER13_SVMP_5::scaffold-mi1:14193527-14194171	792	795	MEIS1_split1	-1	0.72244	0.61516	1.04491
PER13_SVMP_5::scaffold-mi1:14193527-14194171	812	813	MEIS1_split2	-1	0.72244	0.61516	1.04491
PER13_SVMP_5::scaffold-mi1:14193527-14194171	645	651	MEIS1	-1	1.87350	1.23585	2.25140
PER13_SVMP_5::scaffold-mi1:14193527-14194171	573	579	MEIS1	-1	2.40979	0.99891	3.40639
PER13_SVMP_5::scaffold-mi1:14193527-14194171	787	794	NR4A2	-1	0.72991	0.63608	0.97110
PER13_SVMP_5::scaffold-mi1:14193527-14194171	42	49	NR4A2	-1	0.63292	0.16255	0.44672
PER13_SVMP_5::scaffold-mi1:14193527-14194171	609	616	FOXO3	-1	2.33369	0.74789	3.16973
PER13_SVMP_5::scaffold-mi1:14193527-14194171	584	591	FOXO3	-1	2.33369	0.99891	3.90609
PER13_SVMP_5::scaffold-mi1:14193527-14194171	694	702	SOX9	1	1.37373	1.08736	1.77491
PER13_SVMP_5::scaffold-mi1:14193527-14194171	868	876	SOX9	1	1.03240	0.90218	0.81829
PER13_SVMP_5::scaffold-mi1:14193527-14194171	882	890	SOX9	1	0.97670	0.83556	0.73454
PER13_SVMP_5::scaffold-mi1:14193527-14194171	648	656	SOX9	-1	1.87350	1.26660	2.25140
PER13_SVMP_5::scaffold-mi1:14193527-14194171	208	215	Bhlha15	1	1.41865	0.26733	0.62296
PER13_SVMP_5::scaffold-mi1:14193527-14194171	590	597	Bhlha15	-1	2.33369	0.99891	3.90609
PER13_SVMP_5::scaffold-mi1:14193527-14194171	208	215	Bhlha15	-1	1.41865	0.26733	0.62296
PER13_SVMP_5::scaffold-mi1:14193527-14194171	608	619	FOXC2	-1	2.33369	0.78263	3.11609
PER13_SVMP_5::scaffold-mi1:14193527-14194171	583	594	FOXC2	-1	2.33369	0.99891	3.90609
PER13_SVMP_5::scaffold-mi1:14193527-14194171	71	76	Arid3a	1	0.78227	0.12633	0.48633
PER13_SVMP_5::scaffold-mi1:14193527-14194171	433	436	Arid3a_split1	1	2.80792	1.17078	5.04815
PER13_SVMP_5::scaffold-mi1:14193527-14194171	459	459	Arid3a_split2	1	2.80792	1.17078	5.04815
PER13_SVMP_5::scaffold-mi1:14193527-14194171	710	715	Arid3a	1	1.48388	1.08736	1.77103
PER13_SVMP_5::scaffold-mi1:14193527-14194171	741	746	Arid3a	1	1.29727	0.96132	1.60768
PER13_SVMP_5::scaffold-mi1:14193527-14194171	588	593	Arid3a	-1	2.33369	0.99891	3.90609
PER13_SVMP_5::scaffold-mi1:14193527-14194171	564	569	Arid3a	-1	2.80792	1.03144	5.04815
PER13_SVMP_5::scaffold-mi1:14193527-14194171	481	486	Arid3a	-1	2.80792	1.17078	5.04815
PER13_SVMP_5::scaffold-mi1:14193527-14194171	477	482	Arid3a	-1	2.80792	1.17078	5.04815
PER13_SVMP_5::scaffold-mi1:14193527-14194171	433	436	Arid3a_split1	-1	2.80792	1.17078	5.04815
PER13_SVMP_5::scaffold-mi1:14193527-14194171	459	459	Arid3a_split2	-1	2.80792	1.17078	5.04815
PER13_SVMP_5::scaffold-mi1:14193527-14194171	358	363	Arid3a	-1	2.84633	1.02075	3.49538
PER13_SVMP_5::scaffold-mi1:14193527-14194171	330	335	Arid3a	-1	2.87185	0.64890	3.08551
PER13_SVMP_5::scaffold-mi1:14193527-14194171	83	88	Arid3a	-1	1.12306	0.21522	0.57193
PER13_SVMP_5::scaffold-mi1:14193527-14194171	30	35	Arid3a	-1	0.75028	0.21266	0.44889
PER13_SVMP_5::scaffold-mi1:14193527-14194171	639	648	NFIA	1	1.87350	1.16195	2.25140
PER13_SVMP_5::scaffold-mi1:14193527-14194171	252	263	ZNF652	-1	1.64948	0.39823	1.43767
PER13_SVMP_5::scaffold-mi1:14193527-14194171	610	616	FOXI1	-1	2.33369	0.74756	3.13654
PER13_SVMP_5::scaffold-mi1:14193527-14194171	371	376	FOXI1_split1	-1	2.84804	1.04410	3.63895
PER13_SVMP_5::scaffold-mi1:14193527-14194171	342	351	SREBF2	-1	2.68113	0.80250	2.49048
PER13_SVMP_5::scaffold-mi1:14193527-14194171	610	616	FOXO4	-1	2.33369	0.74756	3.13654
PER13_SVMP_5::scaffold-mi1:14193527-14194171	585	591	FOXO4	-1	2.33369	0.99891	3.90609
PER13_SVMP_5::scaffold-mi1:14193527-14194171	371	376	FOXO4_split1	-1	2.84804	1.04410	3.63895
PER13_SVMP_5::scaffold-mi1:14193527-14194171	234	248	EHF	1	1.64948	0.39823	1.37475
PER13_SVMP_5::scaffold-mi1:14193527-14194171	598	612	EHF	-1	2.33369	0.90477	3.73238
PER13_SVMP_5::scaffold-mi1:14193527-14194171	320	334	EHF	-1	2.87185	0.64643	3.08551
PER13_SVMP_5::scaffold-mi1:14193527-14194171	56	65	NFATC1	1	0.71996	0.16131	0.49168
PER13_SVMP_5::scaffold-mi1:14193527-14194171	236	245	NFATC1	1	1.64948	0.39823	1.36954
PER13_SVMP_5::scaffold-mi1:14193527-14194171	633	642	NFATC1	1	1.87350	1.12188	2.28801
PER13_SVMP_5::scaffold-mi1:14193527-14194171	675	684	NFATC1	1	1.82966	1.24731	2.21936
PER13_SVMP_5::scaffold-mi1:14193527-14194171	876	885	NFATC1	1	0.97670	0.89536	0.77928
PER13_SVMP_5::scaffold-mi1:14193527-14194171	727	736	NFATC1	-1	1.45144	1.08736	1.73908
PER13_SVMP_5::scaffold-mi1:14193527-14194171	601	610	NFATC1	-1	2.33369	0.90841	3.75771
PER13_SVMP_5::scaffold-mi1:14193527-14194171	379	388	NFATC1	-1	2.84804	1.16455	3.77121
PER13_SVMP_5::scaffold-mi1:14193527-14194171	323	332	NFATC1	-1	2.87185	0.64590	3.08551
PER13_SVMP_5::scaffold-mi1:14193527-14194171	87	96	NFATC1	-1	1.14416	0.22848	0.61992
PER13_SVMP_5::scaffold-mi1:14193527-14194171	344	352	NFIX	1	2.63078	0.84298	2.44632
PER13_SVMP_5::scaffold-mi1:14193527-14194171	639	647	NFIX	1	1.87350	1.15356	2.25140
PER13_SVMP_5::scaffold-mi1:14193527-14194171	670	678	NFIX	1	1.87350	1.27221	2.22606
PER13_SVMP_5::scaffold-mi1:14193527-14194171	753	761	NFIX	1	0.99436	0.64632	1.06624
PER13_SVMP_5::scaffold-mi1:14193527-14194171	663	671	NFIX	-1	1.87350	1.27221	2.22606
PER13_SVMP_5::scaffold-mi1:14193527-14194171	41	49	NFIX	-1	0.61780	0.16260	0.44320
PER13_SVMP_5::scaffold-mi1:14193527-14194171	342	351	SREBF1	1	2.68113	0.80250	2.49048
PER14_SVMP_5::scaffold-mi1:14203169-14203920	694	702	SOX9	1	1.98297	1.17302	3.78302
PER14_SVMP_5::scaffold-mi1:14203169-14203920	868	876	SOX9	1	1.75107	0.77516	1.76497
PER14_SVMP_5::scaffold-mi1:14203169-14203920	901	909	SOX9	1	1.21238	0.65828	1.13285
PER14_SVMP_5::scaffold-mi1:14203169-14203920	943	951	SOX9	-1	1.07967	0.43732	0.67468
PER14_SVMP_5::scaffold-mi1:14203169-14203920	648	656	SOX9	-1	2.55584	1.47593	3.76981
PER14_SVMP_5::scaffold-mi1:14203169-14203920	449	457	SOX9	-1	3.34938	1.62701	3.62234
PER14_SVMP_5::scaffold-mi1:14203169-14203920	447	458	FOXC2	1	3.35314	1.65211	3.62063
PER14_SVMP_5::scaffold-mi1:14203169-14203920	608	619	FOXC2	-1	2.10823	1.37282	3.28140
PER14_SVMP_5::scaffold-mi1:14203169-14203920	583	594	FOXC2	-1	2.29879	1.49358	3.13588
PER14_SVMP_5::scaffold-mi1:14203169-14203920	478	486	FOXC2_split1	-1	2.40018	1.21484	3.38496
PER14_SVMP_5::scaffold-mi1:14203169-14203920	563	564	FOXC2_split2	-1	2.40018	1.21484	3.38496
PER14_SVMP_5::scaffold-mi1:14203169-14203920	610	616	FOXO4	-1	1.99532	1.33605	3.21687
PER14_SVMP_5::scaffold-mi1:14203169-14203920	585	591	FOXO4	-1	2.29879	1.49358	3.11864
PER14_SVMP_5::scaffold-mi1:14203169-14203920	271	280	POU6F1	1	1.57191	0.61446	2.55419
PER14_SVMP_5::scaffold-mi1:14203169-14203920	888	897	POU6F1	1	1.55539	0.77342	1.75339
PER14_SVMP_5::scaffold-mi1:14203169-14203920	888	897	POU6F1	-1	1.55539	0.77342	1.75339
PER14_SVMP_5::scaffold-mi1:14203169-14203920	271	280	POU6F1	-1	1.57191	0.61446	2.55419
PER14_SVMP_5::scaffold-mi1:14203169-14203920	342	351	SREBF2	-1	3.23335	1.00580	4.00118
PER14_SVMP_5::scaffold-mi1:14203169-14203920	56	65	NFATC1	1	0.49598	0.23556	0.62351
PER14_SVMP_5::scaffold-mi1:14203169-14203920	236	245	NFATC1	1	0.84421	0.23907	1.42042
PER14_SVMP_5::scaffold-mi1:14203169-14203920	358	361	NFATC1_split1	1	3.23109	1.41196	3.96182
PER14_SVMP_5::scaffold-mi1:14203169-14203920	370	374	NFATC1_split2	1	3.23109	1.41196	3.96182
PER14_SVMP_5::scaffold-mi1:14203169-14203920	633	642	NFATC1	1	2.55584	1.47593	3.76981
PER14_SVMP_5::scaffold-mi1:14203169-14203920	653	662	NFATC1	1	2.55584	1.39458	3.76981
PER14_SVMP_5::scaffold-mi1:14203169-14203920	675	684	NFATC1	1	2.10506	1.10864	3.72714
PER14_SVMP_5::scaffold-mi1:14203169-14203920	977	986	NFATC1	1	1.11266	0.30930	0.58093
PER14_SVMP_5::scaffold-mi1:14203169-14203920	953	962	NFATC1	-1	1.11266	0.43479	0.62085
PER14_SVMP_5::scaffold-mi1:14203169-14203920	770	773	NFATC1_split1	-1	1.62101	0.83012	1.47469
PER14_SVMP_5::scaffold-mi1:14203169-14203920	782	786	NFATC1_split2	-1	1.62101	0.83012	1.47469
PER14_SVMP_5::scaffold-mi1:14203169-14203920	727	736	NFATC1	-1	1.92835	1.11279	3.51874
PER14_SVMP_5::scaffold-mi1:14203169-14203920	601	610	NFATC1	-1	2.10090	1.43481	2.89080
PER14_SVMP_5::scaffold-mi1:14203169-14203920	378	387	NFATC1	-1	3.98632	1.43154	5.29240
PER14_SVMP_5::scaffold-mi1:14203169-14203920	323	332	NFATC1	-1	2.87560	0.89528	4.00118
PER14_SVMP_5::scaffold-mi1:14203169-14203920	87	96	NFATC1	-1	0.54585	0.15650	0.93998
PER14_SVMP_5::scaffold-mi1:14203169-14203920	342	351	SREBF1	1	3.23335	1.00580	4.00118
PER14_SVMP_5::scaffold-mi1:14203169-14203920	639	647	NFIX	1	2.55584	1.47593	3.76981
PER14_SVMP_5::scaffold-mi1:14203169-14203920	670	678	NFIX	1	2.26501	1.18912	3.76787
PER14_SVMP_5::scaffold-mi1:14203169-14203920	753	761	NFIX	1	1.57779	0.79196	1.84926
PER14_SVMP_5::scaffold-mi1:14203169-14203920	663	671	NFIX	-1	2.45128	1.18981	3.76981
PER14_SVMP_5::scaffold-mi1:14203169-14203920	41	49	NFIX	-1	0.49345	0.31195	0.57224
PER14_SVMP_5::scaffold-mi1:14203169-14203920	610	616	FOXI1	-1	1.99532	1.33605	3.21687
PER14_SVMP_5::scaffold-mi1:14203169-14203920	211	221	FOS	1	0.99542	0.22326	1.47112
PER14_SVMP_5::scaffold-mi1:14203169-14203920	437	447	FOS	1	3.85034	2.16053	4.01189
PER14_SVMP_5::scaffold-mi1:14203169-14203920	484	486	FOS_split1	1	2.22733	1.12704	3.38496
PER14_SVMP_5::scaffold-mi1:14203169-14203920	563	569	FOS_split2	1	2.22733	1.12704	3.38496
PER14_SVMP_5::scaffold-mi1:14203169-14203920	437	447	FOS	-1	3.85034	2.16053	4.01189
PER14_SVMP_5::scaffold-mi1:14203169-14203920	211	221	FOS	-1	0.99542	0.22326	1.47112
PER14_SVMP_5::scaffold-mi1:14203169-14203920	234	248	EHF	1	0.85081	0.23907	1.44730
PER14_SVMP_5::scaffold-mi1:14203169-14203920	598	612	EHF	-1	2.09448	1.43863	2.94620
PER14_SVMP_5::scaffold-mi1:14203169-14203920	320	334	EHF	-1	2.85827	0.90288	4.00118
PER14_SVMP_5::scaffold-mi1:14203169-14203920	265	276	ZNF652	1	1.37790	0.53404	2.49340
PER14_SVMP_5::scaffold-mi1:14203169-14203920	252	263	ZNF652	-1	0.87149	0.33191	1.64846
PER14_SVMP_5::scaffold-mi1:14203169-14203920	465	471	MEIS1	1	3.12144	1.46394	3.42755
PER14_SVMP_5::scaffold-mi1:14203169-14203920	904	910	MEIS1	-1	1.10000	0.59088	0.99670
PER14_SVMP_5::scaffold-mi1:14203169-14203920	792	795	MEIS1_split1	-1	1.43819	0.78951	1.32944
PER14_SVMP_5::scaffold-mi1:14203169-14203920	812	813	MEIS1_split2	-1	1.43819	0.78951	1.32944
PER14_SVMP_5::scaffold-mi1:14203169-14203920	645	651	MEIS1	-1	2.55584	1.47593	3.76981
PER14_SVMP_5::scaffold-mi1:14203169-14203920	573	579	MEIS1	-1	2.29879	1.49358	3.37025
PER14_SVMP_5::scaffold-mi1:14203169-14203920	440	446	MEIS1	-1	3.78911	2.09297	3.94240
PER14_SVMP_5::scaffold-mi1:14203169-14203920	71	76	Arid3a	1	0.49598	0.16992	0.62351
PER14_SVMP_5::scaffold-mi1:14203169-14203920	710	715	Arid3a	1	1.97550	1.16987	3.77240
PER14_SVMP_5::scaffold-mi1:14203169-14203920	741	746	Arid3a	1	1.77005	0.87197	3.29009
PER14_SVMP_5::scaffold-mi1:14203169-14203920	588	593	Arid3a	-1	2.29879	1.49358	3.07178
PER14_SVMP_5::scaffold-mi1:14203169-14203920	564	569	Arid3a	-1	2.22198	1.17918	3.38496
PER14_SVMP_5::scaffold-mi1:14203169-14203920	481	486	Arid3a	-1	2.35495	1.20842	3.38496
PER14_SVMP_5::scaffold-mi1:14203169-14203920	477	482	Arid3a	-1	2.69308	1.40920	3.38496
PER14_SVMP_5::scaffold-mi1:14203169-14203920	330	335	Arid3a	-1	3.00320	0.94301	4.00118
PER14_SVMP_5::scaffold-mi1:14203169-14203920	271	276	Arid3a	-1	1.48636	0.59000	2.54589
PER14_SVMP_5::scaffold-mi1:14203169-14203920	244	249	Arid3a	-1	0.85947	0.23907	1.56817
PER14_SVMP_5::scaffold-mi1:14203169-14203920	83	88	Arid3a	-1	0.52283	0.15017	0.79698
PER14_SVMP_5::scaffold-mi1:14203169-14203920	30	35	Arid3a	-1	0.48463	0.31262	0.34388
PER14_SVMP_5::scaffold-mi1:14203169-14203920	707	714	PITX2	-1	1.98297	1.17302	3.78302
PER14_SVMP_5::scaffold-mi1:14203169-14203920	272	279	Dlx4	1	1.57926	0.61678	2.55556
PER14_SVMP_5::scaffold-mi1:14203169-14203920	889	896	Dlx4	1	1.56827	0.77439	1.76497
PER14_SVMP_5::scaffold-mi1:14203169-14203920	889	896	Dlx4	-1	1.56827	0.77439	1.76497
PER14_SVMP_5::scaffold-mi1:14203169-14203920	272	279	Dlx4	-1	1.57926	0.61678	2.55556
PER14_SVMP_5::scaffold-mi1:14203169-14203920	27	34	Dlx4	-1	0.49344	0.31277	0.36598
PER14_SVMP_5::scaffold-mi1:14203169-14203920	322	332	ELF5	1	2.86356	0.89478	4.00118
PER14_SVMP_5::scaffold-mi1:14203169-14203920	376	376	ELF5_split1	1	3.96356	1.43057	5.27938
PER14_SVMP_5::scaffold-mi1:14203169-14203920	378	386	ELF5_split2	1	3.96356	1.43057	5.27938
PER14_SVMP_5::scaffold-mi1:14203169-14203920	600	610	ELF5	1	2.12069	1.44069	2.90890
PER14_SVMP_5::scaffold-mi1:14203169-14203920	952	962	ELF5	1	1.11266	0.43504	0.62566
PER14_SVMP_5::scaffold-mi1:14203169-14203920	977	987	ELF5	-1	1.11266	0.30922	0.58093
PER14_SVMP_5::scaffold-mi1:14203169-14203920	675	685	ELF5	-1	2.07267	1.09394	3.65609
PER14_SVMP_5::scaffold-mi1:14203169-14203920	358	361	ELF5_split1	-1	3.25271	1.41294	4.08186
PER14_SVMP_5::scaffold-mi1:14203169-14203920	370	375	ELF5_split2	-1	3.25271	1.41294	4.08186
PER14_SVMP_5::scaffold-mi1:14203169-14203920	236	246	ELF5	-1	0.84573	0.23907	1.43482
PER14_SVMP_5::scaffold-mi1:14203169-14203920	447	454	NR4A2	1	3.35909	1.74703	3.62234
PER14_SVMP_5::scaffold-mi1:14203169-14203920	787	794	NR4A2	-1	1.39828	0.83012	1.40668
PER14_SVMP_5::scaffold-mi1:14203169-14203920	639	648	NFIA	1	2.55584	1.47593	3.76981
PER14_SVMP_5::scaffold-mi1:14203169-14203920	609	616	FOXO3	-1	1.96451	1.34344	3.17199
PER14_SVMP_5::scaffold-mi1:14203169-14203920	584	591	FOXO3	-1	2.29879	1.49358	3.13408
PER14_SVMP_5::scaffold-mi1:14203169-14203920	208	215	Bhlha15	1	0.99542	0.22352	1.47112
PER14_SVMP_5::scaffold-mi1:14203169-14203920	590	597	Bhlha15	-1	2.29879	1.49358	3.07178
PER14_SVMP_5::scaffold-mi1:14203169-14203920	208	215	Bhlha15	-1	0.99542	0.22352	1.47112
PER17_SVMP_8::scaffold-mi1:14304564-14305142	610	616	FOXI1	-1	2.33436	2.48986	1.89412
PER17_SVMP_8::scaffold-mi1:14304564-14305142	371	376	FOXI1_split1	-1	3.05129	1.72208	1.88564
PER17_SVMP_8::scaffold-mi1:14304564-14305142	342	351	SREBF2	-1	1.95211	0.89154	1.22013
PER17_SVMP_8::scaffold-mi1:14304564-14305142	342	351	SREBF1	1	1.95211	0.89154	1.22013
PER17_SVMP_8::scaffold-mi1:14304564-14305142	888	897	POU6F1	1	0.73444	0.79584	1.15718
PER17_SVMP_8::scaffold-mi1:14304564-14305142	888	897	POU6F1	-1	0.73444	0.79584	1.15718
PER17_SVMP_8::scaffold-mi1:14304564-14305142	447	454	NR4A2	1	3.68703	2.27958	2.59999
PER17_SVMP_8::scaffold-mi1:14304564-14305142	598	612	EHF	-1	3.00079	2.56494	2.47724
PER17_SVMP_8::scaffold-mi1:14304564-14305142	320	334	EHF	-1	1.91259	0.73491	1.33282
PER17_SVMP_8::scaffold-mi1:14304564-14305142	233	241	SOX9	1	0.91920	0.46315	0.53559
PER17_SVMP_8::scaffold-mi1:14304564-14305142	694	702	SOX9	1	1.25565	0.84676	0.80385
PER17_SVMP_8::scaffold-mi1:14304564-14305142	868	876	SOX9	1	0.71698	0.79584	1.32262
PER17_SVMP_8::scaffold-mi1:14304564-14305142	648	656	SOX9	-1	2.37674	1.47487	1.72220
PER17_SVMP_8::scaffold-mi1:14304564-14305142	449	457	SOX9	-1	3.53409	2.27958	2.60086
PER17_SVMP_8::scaffold-mi1:14304564-14305142	447	458	FOXC2	1	3.54581	2.27958	2.60030
PER17_SVMP_8::scaffold-mi1:14304564-14305142	608	619	FOXC2	-1	2.37630	2.47904	1.91015
PER17_SVMP_8::scaffold-mi1:14304564-14305142	583	594	FOXC2	-1	3.26623	2.56860	2.64090
PER17_SVMP_8::scaffold-mi1:14304564-14305142	478	486	FOXC2_split1	-1	3.10267	2.27958	2.53406
PER17_SVMP_8::scaffold-mi1:14304564-14305142	563	564	FOXC2_split2	-1	3.10267	2.27958	2.53406
PER17_SVMP_8::scaffold-mi1:14304564-14305142	235	246	FOXC2	-1	0.94879	0.47599	0.58146
PER17_SVMP_8::scaffold-mi1:14304564-14305142	609	616	FOXO3	-1	2.35695	2.49867	1.94245
PER17_SVMP_8::scaffold-mi1:14304564-14305142	584	591	FOXO3	-1	3.26623	2.56859	2.64090
PER17_SVMP_8::scaffold-mi1:14304564-14305142	267	271	Dlx4_split1	1	1.86296	0.66527	1.16793
PER17_SVMP_8::scaffold-mi1:14304564-14305142	273	274	Dlx4_split2	1	1.86296	0.66527	1.16793
PER17_SVMP_8::scaffold-mi1:14304564-14305142	881	888	Dlx4	1	0.73444	0.79584	1.16059
PER17_SVMP_8::scaffold-mi1:14304564-14305142	889	896	Dlx4	1	0.73444	0.79584	1.15947
PER17_SVMP_8::scaffold-mi1:14304564-14305142	889	896	Dlx4	-1	0.73444	0.79584	1.15947
PER17_SVMP_8::scaffold-mi1:14304564-14305142	211	221	FOS	1	0.97594	0.46276	0.46029
PER17_SVMP_8::scaffold-mi1:14304564-14305142	484	486	FOS_split1	1	3.26623	2.25123	2.40477
PER17_SVMP_8::scaffold-mi1:14304564-14305142	563	569	FOS_split2	1	3.26623	2.25123	2.40477
PER17_SVMP_8::scaffold-mi1:14304564-14305142	211	221	FOS	-1	0.97594	0.46276	0.46029
PER17_SVMP_8::scaffold-mi1:14304564-14305142	678	683	Arid3a	1	1.48244	1.46022	1.24994
PER17_SVMP_8::scaffold-mi1:14304564-14305142	710	715	Arid3a	1	1.27099	0.81575	0.71814
PER17_SVMP_8::scaffold-mi1:14304564-14305142	741	746	Arid3a	1	1.04087	0.76538	1.11801
PER17_SVMP_8::scaffold-mi1:14304564-14305142	588	593	Arid3a	-1	3.26623	2.56860	2.64090
PER17_SVMP_8::scaffold-mi1:14304564-14305142	564	569	Arid3a	-1	3.26623	2.26015	2.37794
PER17_SVMP_8::scaffold-mi1:14304564-14305142	481	486	Arid3a	-1	3.26623	2.27958	2.54681
PER17_SVMP_8::scaffold-mi1:14304564-14305142	477	482	Arid3a	-1	2.79913	2.27958	2.60086
PER17_SVMP_8::scaffold-mi1:14304564-14305142	358	363	Arid3a	-1	3.05129	1.72208	1.88564
PER17_SVMP_8::scaffold-mi1:14304564-14305142	330	335	Arid3a	-1	1.91259	0.73491	1.34243
PER17_SVMP_8::scaffold-mi1:14304564-14305142	670	678	NFIX	1	1.61297	1.47487	1.40322
PER17_SVMP_8::scaffold-mi1:14304564-14305142	753	761	NFIX	1	0.74310	0.59791	1.15389
PER17_SVMP_8::scaffold-mi1:14304564-14305142	663	671	NFIX	-1	1.91977	1.47487	1.57715
PER17_SVMP_8::scaffold-mi1:14304564-14305142	631	639	NFIX	-1	2.37747	1.84960	1.72220
PER17_SVMP_8::scaffold-mi1:14304564-14305142	252	263	ZNF652	-1	1.40851	0.62952	0.87126
PER17_SVMP_8::scaffold-mi1:14304564-14305142	208	215	Bhlha15	1	0.97594	0.45149	0.46067
PER17_SVMP_8::scaffold-mi1:14304564-14305142	590	597	Bhlha15	-1	3.26623	2.56859	2.64090
PER17_SVMP_8::scaffold-mi1:14304564-14305142	653	662	NFATC1	1	2.33820	1.47487	1.71598
PER17_SVMP_8::scaffold-mi1:14304564-14305142	770	773	NFATC1_split1	-1	0.76192	0.59071	1.15389
PER17_SVMP_8::scaffold-mi1:14304564-14305142	782	786	NFATC1_split2	-1	0.76192	0.59071	1.15389
PER17_SVMP_8::scaffold-mi1:14304564-14305142	727	736	NFATC1	-1	1.23041	0.77514	0.75475
PER17_SVMP_8::scaffold-mi1:14304564-14305142	601	610	NFATC1	-1	3.04364	2.56670	2.48075
PER17_SVMP_8::scaffold-mi1:14304564-14305142	459	468	NFATC1	-1	3.14872	2.27958	2.60086
PER17_SVMP_8::scaffold-mi1:14304564-14305142	323	332	NFATC1	-1	1.91259	0.73491	1.34243
PER17_SVMP_8::scaffold-mi1:14304564-14305142	610	616	FOXO4	-1	2.33436	2.48986	1.89412
PER17_SVMP_8::scaffold-mi1:14304564-14305142	585	591	FOXO4	-1	3.26623	2.56860	2.64090
PER17_SVMP_8::scaffold-mi1:14304564-14305142	371	376	FOXO4_split1	-1	3.05129	1.72208	1.88564
PER17_SVMP_8::scaffold-mi1:14304564-14305142	707	714	PITX2	-1	1.27099	0.81737	0.73170
PER17_SVMP_8::scaffold-mi1:14304564-14305142	322	332	ELF5	1	1.91259	0.73491	1.34133
PER17_SVMP_8::scaffold-mi1:14304564-14305142	458	468	ELF5	1	3.16371	2.27958	2.60086
PER17_SVMP_8::scaffold-mi1:14304564-14305142	600	610	ELF5	1	3.06590	2.56689	2.49677
PER17_SVMP_8::scaffold-mi1:14304564-14305142	442	448	MEIS1	1	3.71841	2.27958	2.58649
PER17_SVMP_8::scaffold-mi1:14304564-14305142	465	471	MEIS1	1	3.14680	2.27958	2.60086
PER17_SVMP_8::scaffold-mi1:14304564-14305142	792	795	MEIS1_split1	-1	0.73499	0.62870	1.11942
PER17_SVMP_8::scaffold-mi1:14304564-14305142	812	813	MEIS1_split2	-1	0.73499	0.62870	1.11942
PER17_SVMP_8::scaffold-mi1:14304564-14305142	645	651	MEIS1	-1	2.37674	1.47487	1.72220
PER17_SVMP_8::scaffold-mi1:14304564-14305142	640	646	MEIS1	-1	2.37674	1.49870	1.72220
PER17_SVMP_8::scaffold-mi1:14304564-14305142	573	579	MEIS1	-1	3.26623	2.05189	2.64090
PER15_SVMP_6::scaffold-mi1:14246402-14246886	608	619	FOXC2	-1	2.79507	2.66644	2.52875
PER15_SVMP_6::scaffold-mi1:14246402-14246886	583	594	FOXC2	-1	2.66776	2.39379	3.31848
PER15_SVMP_6::scaffold-mi1:14246402-14246886	610	616	FOXI1	-1	2.68303	2.67662	2.36974
PER15_SVMP_6::scaffold-mi1:14246402-14246886	342	351	SREBF2	-1	0.86873	0.63925	1.67461
PER15_SVMP_6::scaffold-mi1:14246402-14246886	479	486	Bhlha15	1	2.28890	2.26754	2.35476
PER15_SVMP_6::scaffold-mi1:14246402-14246886	590	597	Bhlha15	-1	2.66776	2.39379	3.31848
PER15_SVMP_6::scaffold-mi1:14246402-14246886	610	616	FOXO4	-1	2.68303	2.67662	2.36974
PER15_SVMP_6::scaffold-mi1:14246402-14246886	585	591	FOXO4	-1	2.66776	2.39379	3.31848
PER15_SVMP_6::scaffold-mi1:14246402-14246886	694	702	SOX9	1	2.45911	1.95974	2.81034
PER15_SVMP_6::scaffold-mi1:14246402-14246886	648	656	SOX9	-1	3.27197	2.91810	2.76690
PER15_SVMP_6::scaffold-mi1:14246402-14246886	710	715	Arid3a	1	2.46003	1.95974	2.81034
PER15_SVMP_6::scaffold-mi1:14246402-14246886	741	746	Arid3a	1	2.26508	1.83775	2.61985
PER15_SVMP_6::scaffold-mi1:14246402-14246886	761	766	Arid3a	1	2.02008	1.43605	1.36961
PER15_SVMP_6::scaffold-mi1:14246402-14246886	700	705	Arid3a	-1	2.46003	1.95974	2.81034
PER15_SVMP_6::scaffold-mi1:14246402-14246886	588	593	Arid3a	-1	2.66776	2.39379	3.31848
PER15_SVMP_6::scaffold-mi1:14246402-14246886	564	569	Arid3a	-1	2.49301	2.31866	2.53675
PER15_SVMP_6::scaffold-mi1:14246402-14246886	477	482	Arid3a	-1	2.26262	2.14152	2.23615
PER15_SVMP_6::scaffold-mi1:14246402-14246886	358	363	Arid3a	-1	1.18619	0.98192	1.67461
PER15_SVMP_6::scaffold-mi1:14246402-14246886	330	335	Arid3a	-1	0.87758	0.63925	1.81775
PER15_SVMP_6::scaffold-mi1:14246402-14246886	758	765	PITX2	-1	2.02008	1.43605	1.46675
PER15_SVMP_6::scaffold-mi1:14246402-14246886	707	714	PITX2	-1	2.46003	1.95974	2.81034
PER15_SVMP_6::scaffold-mi1:14246402-14246886	792	795	MEIS1_split1	-1	1.55064	1.25314	1.03914
PER15_SVMP_6::scaffold-mi1:14246402-14246886	812	813	MEIS1_split2	-1	1.55064	1.25314	1.03914
PER15_SVMP_6::scaffold-mi1:14246402-14246886	573	579	MEIS1	-1	2.66776	2.39379	3.18750
PER15_SVMP_6::scaffold-mi1:14246402-14246886	483	486	MEIS1_split1	-1	2.29442	2.30745	2.45533
PER15_SVMP_6::scaffold-mi1:14246402-14246886	563	564	MEIS1_split2	-1	2.29442	2.30745	2.45533
PER15_SVMP_6::scaffold-mi1:14246402-14246886	458	468	ELF5	1	1.57052	1.51359	1.93337
PER15_SVMP_6::scaffold-mi1:14246402-14246886	600	610	ELF5	1	2.59311	2.27782	3.10924
PER15_SVMP_6::scaffold-mi1:14246402-14246886	860	870	ELF5	-1	1.42443	1.26785	0.87018
PER15_SVMP_6::scaffold-mi1:14246402-14246886	675	685	ELF5	-1	2.81266	2.28636	2.74214
PER15_SVMP_6::scaffold-mi1:14246402-14246886	639	648	NFIA	1	3.27197	2.91810	2.76690
PER15_SVMP_6::scaffold-mi1:14246402-14246886	609	616	FOXO3	-1	2.64319	2.63702	2.41781
PER15_SVMP_6::scaffold-mi1:14246402-14246886	584	591	FOXO3	-1	2.66776	2.39379	3.31848
PER15_SVMP_6::scaffold-mi1:14246402-14246886	437	447	FOS	1	1.45994	1.51071	1.60257
PER15_SVMP_6::scaffold-mi1:14246402-14246886	484	486	FOS_split1	1	2.42002	2.31371	2.51902
PER15_SVMP_6::scaffold-mi1:14246402-14246886	563	569	FOS_split2	1	2.42002	2.31371	2.51902
PER15_SVMP_6::scaffold-mi1:14246402-14246886	437	447	FOS	-1	1.45994	1.51071	1.60257
PER15_SVMP_6::scaffold-mi1:14246402-14246886	639	647	NFIX	1	3.27197	2.91810	2.76690
PER15_SVMP_6::scaffold-mi1:14246402-14246886	644	652	NFIX	1	3.27197	2.91810	2.76690
PER15_SVMP_6::scaffold-mi1:14246402-14246886	670	678	NFIX	1	2.81266	2.28636	2.76690
PER15_SVMP_6::scaffold-mi1:14246402-14246886	753	761	NFIX	1	2.02008	1.43605	1.65358
PER15_SVMP_6::scaffold-mi1:14246402-14246886	663	671	NFIX	-1	2.78057	2.27442	2.76690
PER15_SVMP_6::scaffold-mi1:14246402-14246886	653	662	NFATC1	1	3.17549	2.83606	2.76690
PER15_SVMP_6::scaffold-mi1:14246402-14246886	675	684	NFATC1	1	2.81266	2.28636	2.76624
PER15_SVMP_6::scaffold-mi1:14246402-14246886	860	869	NFATC1	1	1.42906	1.29696	0.87830
PER15_SVMP_6::scaffold-mi1:14246402-14246886	770	773	NFATC1_split1	-1	2.02008	1.43605	1.27203
PER15_SVMP_6::scaffold-mi1:14246402-14246886	782	786	NFATC1_split2	-1	2.02008	1.43605	1.27203
PER15_SVMP_6::scaffold-mi1:14246402-14246886	727	736	NFATC1	-1	2.46003	1.95974	2.81034
PER15_SVMP_6::scaffold-mi1:14246402-14246886	601	610	NFATC1	-1	2.58482	2.26493	3.08599
PER15_SVMP_6::scaffold-mi1:14246402-14246886	459	468	NFATC1	-1	1.58281	1.52427	1.93337
PER15_SVMP_6::scaffold-mi1:14246402-14246886	342	351	SREBF1	1	0.86873	0.63925	1.67461
PER15_SVMP_6::scaffold-mi1:14246402-14246886	598	612	EHF	-1	2.57578	2.33122	3.04800
PER15_SVMP_6::scaffold-mi1:14246402-14246886	456	470	EHF	-1	1.59467	1.50805	1.93337
PER18_SVMP_10::scaffold-mi1:14395491-14396070	694	702	SOX9	1	2.05362	1.46550	1.94625
PER18_SVMP_10::scaffold-mi1:14395491-14396070	868	876	SOX9	1	1.17753	0.62091	1.28730
PER18_SVMP_10::scaffold-mi1:14395491-14396070	901	909	SOX9	1	0.89360	0.53959	1.09807
PER18_SVMP_10::scaffold-mi1:14395491-14396070	648	656	SOX9	-1	1.81920	2.55388	2.32762
PER18_SVMP_10::scaffold-mi1:14395491-14396070	449	457	SOX9	-1	3.34265	2.47737	2.68651
PER18_SVMP_10::scaffold-mi1:14395491-14396070	585	591	FOXO4	-1	2.17467	2.02946	2.66368
PER18_SVMP_10::scaffold-mi1:14395491-14396070	639	647	NFIX	1	1.79650	2.55388	2.32762
PER18_SVMP_10::scaffold-mi1:14395491-14396070	670	678	NFIX	1	2.03257	1.60462	1.70584
PER18_SVMP_10::scaffold-mi1:14395491-14396070	753	761	NFIX	1	1.34189	0.57615	1.82048
PER18_SVMP_10::scaffold-mi1:14395491-14396070	663	671	NFIX	-1	1.88329	1.77251	1.96629
PER18_SVMP_10::scaffold-mi1:14395491-14396070	342	351	SREBF2	-1	1.91898	1.12234	2.37003
PER18_SVMP_10::scaffold-mi1:14395491-14396070	639	648	NFIA	1	1.79650	2.55388	2.32762
PER18_SVMP_10::scaffold-mi1:14395491-14396070	707	714	PITX2	-1	1.65646	1.46550	1.94625
PER18_SVMP_10::scaffold-mi1:14395491-14396070	888	897	POU6F1	1	0.99900	0.62091	1.24928
PER18_SVMP_10::scaffold-mi1:14395491-14396070	888	897	POU6F1	-1	0.99900	0.62091	1.24928
PER18_SVMP_10::scaffold-mi1:14395491-14396070	208	215	Bhlha15	1	0.66410	0.34858	0.78932
PER18_SVMP_10::scaffold-mi1:14395491-14396070	479	486	Bhlha15	1	3.22216	2.38182	2.52586
PER18_SVMP_10::scaffold-mi1:14395491-14396070	208	215	Bhlha15	-1	0.66410	0.34858	0.78932
PER18_SVMP_10::scaffold-mi1:14395491-14396070	584	591	FOXO3	-1	2.18252	2.02946	2.66368
PER18_SVMP_10::scaffold-mi1:14395491-14396070	277	283	MEIS1	1	1.44447	0.93253	1.37685
PER18_SVMP_10::scaffold-mi1:14395491-14396070	904	910	MEIS1	-1	0.89360	0.50132	1.09332
PER18_SVMP_10::scaffold-mi1:14395491-14396070	792	795	MEIS1_split1	-1	1.26756	0.60938	1.63607
PER18_SVMP_10::scaffold-mi1:14395491-14396070	812	813	MEIS1_split2	-1	1.26756	0.60938	1.63607
PER18_SVMP_10::scaffold-mi1:14395491-14396070	645	651	MEIS1	-1	1.79650	2.55388	2.32762
PER18_SVMP_10::scaffold-mi1:14395491-14396070	632	638	MEIS1	-1	1.79650	2.55388	2.32762
PER18_SVMP_10::scaffold-mi1:14395491-14396070	573	579	MEIS1	-1	2.57255	2.03849	2.66368
PER18_SVMP_10::scaffold-mi1:14395491-14396070	483	486	MEIS1_split1	-1	3.10564	2.30024	2.58185
PER18_SVMP_10::scaffold-mi1:14395491-14396070	563	564	MEIS1_split2	-1	3.10564	2.30024	2.58185
PER18_SVMP_10::scaffold-mi1:14395491-14396070	322	332	ELF5	1	1.91898	1.12096	2.37003
PER18_SVMP_10::scaffold-mi1:14395491-14396070	390	400	ELF5	1	3.01534	2.20978	2.81904
PER18_SVMP_10::scaffold-mi1:14395491-14396070	458	468	ELF5	1	3.34265	2.52490	2.68651
PER18_SVMP_10::scaffold-mi1:14395491-14396070	675	685	ELF5	-1	2.05362	1.47651	1.79812
PER18_SVMP_10::scaffold-mi1:14395491-14396070	236	246	ELF5	-1	0.85799	0.42327	1.38303
PER18_SVMP_10::scaffold-mi1:14395491-14396070	450	455	Arid3a	1	3.34265	2.50444	2.68651
PER18_SVMP_10::scaffold-mi1:14395491-14396070	606	611	Arid3a	1	1.98994	1.89154	2.64484
PER18_SVMP_10::scaffold-mi1:14395491-14396070	710	715	Arid3a	1	1.56423	1.46550	1.93704
PER18_SVMP_10::scaffold-mi1:14395491-14396070	741	746	Arid3a	1	1.25534	0.85221	1.75681
PER18_SVMP_10::scaffold-mi1:14395491-14396070	564	569	Arid3a	-1	2.79234	2.08764	2.66368
PER18_SVMP_10::scaffold-mi1:14395491-14396070	358	363	Arid3a	-1	2.63650	1.77212	2.19016
PER18_SVMP_10::scaffold-mi1:14395491-14396070	330	335	Arid3a	-1	1.91898	1.12096	2.37003
PER18_SVMP_10::scaffold-mi1:14395491-14396070	211	221	FOS	1	0.66410	0.34858	0.78932
PER18_SVMP_10::scaffold-mi1:14395491-14396070	419	420	FOS_split1	1	3.03866	2.15873	2.49107
PER18_SVMP_10::scaffold-mi1:14395491-14396070	447	454	FOS_split2	1	3.03866	2.15873	2.49107
PER18_SVMP_10::scaffold-mi1:14395491-14396070	484	486	FOS_split1	1	2.91180	2.17306	2.62643
PER18_SVMP_10::scaffold-mi1:14395491-14396070	563	569	FOS_split2	1	2.91180	2.17306	2.62643
PER18_SVMP_10::scaffold-mi1:14395491-14396070	419	420	FOS_split1	-1	3.03866	2.15873	2.49107
PER18_SVMP_10::scaffold-mi1:14395491-14396070	447	454	FOS_split2	-1	3.03866	2.15873	2.49107
PER18_SVMP_10::scaffold-mi1:14395491-14396070	211	221	FOS	-1	0.66410	0.34858	0.78932
PER18_SVMP_10::scaffold-mi1:14395491-14396070	342	351	SREBF1	1	1.91898	1.12234	2.37003
PER18_SVMP_10::scaffold-mi1:14395491-14396070	236	245	NFATC1	1	0.85463	0.42219	1.38303
PER18_SVMP_10::scaffold-mi1:14395491-14396070	585	593	NFATC1_split1	1	2.15964	2.02946	2.66368
PER18_SVMP_10::scaffold-mi1:14395491-14396070	653	662	NFATC1	1	1.85940	2.42314	2.32427
PER18_SVMP_10::scaffold-mi1:14395491-14396070	675	684	NFATC1	1	2.05362	1.47773	1.79734
PER18_SVMP_10::scaffold-mi1:14395491-14396070	770	773	NFATC1_split1	-1	1.34189	0.55642	1.82048
PER18_SVMP_10::scaffold-mi1:14395491-14396070	782	786	NFATC1_split2	-1	1.34189	0.55642	1.82048
PER18_SVMP_10::scaffold-mi1:14395491-14396070	727	736	NFATC1	-1	1.35444	1.27357	1.82037
PER18_SVMP_10::scaffold-mi1:14395491-14396070	459	468	NFATC1	-1	3.34265	2.52490	2.68651
PER18_SVMP_10::scaffold-mi1:14395491-14396070	391	400	NFATC1	-1	3.01534	2.20978	2.81904
PER18_SVMP_10::scaffold-mi1:14395491-14396070	323	332	NFATC1	-1	1.91898	1.12096	2.37003
PER18_SVMP_10::scaffold-mi1:14395491-14396070	889	896	Dlx4	1	0.99900	0.62091	1.26121
PER18_SVMP_10::scaffold-mi1:14395491-14396070	889	896	Dlx4	-1	0.99900	0.62091	1.26121
PER18_SVMP_10::scaffold-mi1:14395491-14396070	234	248	EHF	1	0.84789	0.42563	1.37620
PER18_SVMP_10::scaffold-mi1:14395491-14396070	456	470	EHF	-1	3.34265	2.52490	2.68651
PER18_SVMP_10::scaffold-mi1:14395491-14396070	320	334	EHF	-1	1.91898	1.12096	2.37003
PER16_SVMP_7::scaffold-mi1:14276745-14277334	888	897	POU6F1	1	0.59720	0.66225	0.94253
PER16_SVMP_7::scaffold-mi1:14276745-14277334	888	897	POU6F1	-1	0.59720	0.66225	0.94253
PER16_SVMP_7::scaffold-mi1:14276745-14277334	610	616	FOXI1	-1	1.33700	1.07850	1.82347
PER16_SVMP_7::scaffold-mi1:14276745-14277334	610	616	FOXO4	-1	1.33700	1.07850	1.82347
PER16_SVMP_7::scaffold-mi1:14276745-14277334	585	591	FOXO4	-1	1.35266	1.23900	1.78455
PER16_SVMP_7::scaffold-mi1:14276745-14277334	608	619	FOXC2	-1	1.31773	1.12334	1.79370
PER16_SVMP_7::scaffold-mi1:14276745-14277334	583	594	FOXC2	-1	1.35266	1.23900	1.78455
PER16_SVMP_7::scaffold-mi1:14276745-14277334	487	498	FOXC2	-1	0.55810	0.56404	0.63790
PER16_SVMP_7::scaffold-mi1:14276745-14277334	609	616	FOXO3	-1	1.31316	1.10143	1.81922
PER16_SVMP_7::scaffold-mi1:14276745-14277334	584	591	FOXO3	-1	1.35266	1.23900	1.78455
PER16_SVMP_7::scaffold-mi1:14276745-14277334	710	715	Arid3a	1	0.74933	0.84026	1.29035
PER16_SVMP_7::scaffold-mi1:14276745-14277334	741	746	Arid3a	1	0.55184	0.70498	1.19768
PER16_SVMP_7::scaffold-mi1:14276745-14277334	588	593	Arid3a	-1	1.35266	1.23900	1.78455
PER16_SVMP_7::scaffold-mi1:14276745-14277334	564	569	Arid3a	-1	1.35266	1.22477	1.64801
PER16_SVMP_7::scaffold-mi1:14276745-14277334	117	122	Arid3a	-1	0.30286	0.15974	0.41510
PER16_SVMP_7::scaffold-mi1:14276745-14277334	533	540	Bhlha15	1	0.98430	0.76144	1.15980
PER16_SVMP_7::scaffold-mi1:14276745-14277334	550	557	Bhlha15	1	1.15207	1.04781	1.60382
PER16_SVMP_7::scaffold-mi1:14276745-14277334	590	597	Bhlha15	-1	1.35266	1.23900	1.78455
PER16_SVMP_7::scaffold-mi1:14276745-14277334	550	557	Bhlha15	-1	1.15207	1.04781	1.60382
PER16_SVMP_7::scaffold-mi1:14276745-14277334	533	540	Bhlha15	-1	0.98430	0.76144	1.15980
PER16_SVMP_7::scaffold-mi1:14276745-14277334	191	198	NR4A2	-1	0.42366	0.37611	0.49645
PER16_SVMP_7::scaffold-mi1:14276745-14277334	100	107	NR4A2	-1	0.28596	0.12528	0.43576
PER16_SVMP_7::scaffold-mi1:14276745-14277334	480	488	SOX9	1	0.44808	0.56404	0.63790
PER16_SVMP_7::scaffold-mi1:14276745-14277334	694	702	SOX9	1	0.98375	0.84026	1.29035
PER16_SVMP_7::scaffold-mi1:14276745-14277334	943	951	SOX9	-1	0.38294	0.52575	0.31909
PER16_SVMP_7::scaffold-mi1:14276745-14277334	648	656	SOX9	-1	1.15338	1.33686	1.83410
PER16_SVMP_7::scaffold-mi1:14276745-14277334	560	570	FOS	1	1.35266	1.22421	1.64801
PER16_SVMP_7::scaffold-mi1:14276745-14277334	639	648	NFIA	1	1.29024	1.33686	1.82930
PER16_SVMP_7::scaffold-mi1:14276745-14277334	662	671	NFIA	-1	1.16945	1.33686	1.88257
PER16_SVMP_7::scaffold-mi1:14276745-14277334	889	896	Dlx4	1	0.59675	0.65716	0.94253
PER16_SVMP_7::scaffold-mi1:14276745-14277334	889	896	Dlx4	-1	0.59675	0.65716	0.94253
PER16_SVMP_7::scaffold-mi1:14276745-14277334	660	667	Dlx4	-1	1.16945	1.33686	1.88257
PER16_SVMP_7::scaffold-mi1:14276745-14277334	707	714	PITX2	-1	0.81070	0.84026	1.29035
PER16_SVMP_7::scaffold-mi1:14276745-14277334	896	902	MEIS1	1	0.56052	0.56521	0.82806
PER16_SVMP_7::scaffold-mi1:14276745-14277334	970	976	MEIS1	-1	0.33501	0.50862	0.27847
PER16_SVMP_7::scaffold-mi1:14276745-14277334	904	910	MEIS1	-1	0.45111	0.51463	0.61278
PER16_SVMP_7::scaffold-mi1:14276745-14277334	792	795	MEIS1_split1	-1	0.54342	0.67150	0.74602
PER16_SVMP_7::scaffold-mi1:14276745-14277334	812	813	MEIS1_split2	-1	0.54342	0.67150	0.74602
PER16_SVMP_7::scaffold-mi1:14276745-14277334	573	579	MEIS1	-1	1.35266	1.23900	1.75647
PER16_SVMP_7::scaffold-mi1:14276745-14277334	8	10	MEIS1_split1	-1	0.28596	0.12528	0.43576
PER16_SVMP_7::scaffold-mi1:14276745-14277334	96	98	MEIS1_split2	-1	0.28596	0.12528	0.43576
PER16_SVMP_7::scaffold-mi1:14276745-14277334	600	610	ELF5	1	1.24082	1.23900	1.60667
PER16_SVMP_7::scaffold-mi1:14276745-14277334	952	962	ELF5	1	0.36737	0.52575	0.28960
PER16_SVMP_7::scaffold-mi1:14276745-14277334	675	685	ELF5	-1	1.13872	1.08438	1.84179
PER16_SVMP_7::scaffold-mi1:14276745-14277334	542	552	ELF5	-1	0.98361	0.85154	1.31608
PER16_SVMP_7::scaffold-mi1:14276745-14277334	494	504	ELF5	-1	0.64358	0.56404	0.65278
PER16_SVMP_7::scaffold-mi1:14276745-14277334	639	647	NFIX	1	1.30932	1.33686	1.82930
PER16_SVMP_7::scaffold-mi1:14276745-14277334	644	652	NFIX	1	1.16229	1.33686	1.80975
PER16_SVMP_7::scaffold-mi1:14276745-14277334	670	678	NFIX	1	1.16945	1.29213	1.88257
PER16_SVMP_7::scaffold-mi1:14276745-14277334	753	761	NFIX	1	0.51531	0.77361	0.82260
PER16_SVMP_7::scaffold-mi1:14276745-14277334	663	671	NFIX	-1	1.16945	1.33686	1.88257
PER16_SVMP_7::scaffold-mi1:14276745-14277334	160	168	NFIX	-1	0.30844	0.23783	0.39544
PER16_SVMP_7::scaffold-mi1:14276745-14277334	494	503	NFATC1	1	0.64144	0.56404	0.65115
PER16_SVMP_7::scaffold-mi1:14276745-14277334	542	551	NFATC1	1	0.97861	0.84192	1.28150
PER16_SVMP_7::scaffold-mi1:14276745-14277334	633	642	NFATC1	1	1.39612	1.33686	1.82930
PER16_SVMP_7::scaffold-mi1:14276745-14277334	653	662	NFATC1	1	1.16945	1.33686	1.87902
PER16_SVMP_7::scaffold-mi1:14276745-14277334	675	684	NFATC1	1	1.14467	1.11271	1.88031
PER16_SVMP_7::scaffold-mi1:14276745-14277334	953	962	NFATC1	-1	0.36564	0.52575	0.28720
PER16_SVMP_7::scaffold-mi1:14276745-14277334	770	773	NFATC1_split1	-1	0.49463	0.77361	0.71062
PER16_SVMP_7::scaffold-mi1:14276745-14277334	782	786	NFATC1_split2	-1	0.49463	0.77361	0.71062
PER16_SVMP_7::scaffold-mi1:14276745-14277334	727	736	NFATC1	-1	0.65953	0.82854	1.26139
PER16_SVMP_7::scaffold-mi1:14276745-14277334	601	610	NFATC1	-1	1.22839	1.23900	1.58691
PER16_SVMP_7::scaffold-mi1:14276745-14277334	523	532	NFATC1	-1	0.98430	0.66920	1.03540
PER16_SVMP_7::scaffold-mi1:14276745-14277334	540	554	EHF	1	1.00211	0.87094	1.34365
PER16_SVMP_7::scaffold-mi1:14276745-14277334	598	612	EHF	-1	1.26021	1.22420	1.66138
