PER10_SVMP_1.SVMP_2::scaffold-mi1:14081312-14081706	754	762	SOX9	-1	1.30020	1.02533	1.14081
PER10_SVMP_1.SVMP_2::scaffold-mi1:14081312-14081706	358	364	FOXO4	1	2.18527	2.42979	2.96166
PER10_SVMP_1.SVMP_2::scaffold-mi1:14081312-14081706	620	626	FOXO4	1	1.92067	2.50841	2.29592
PER10_SVMP_1.SVMP_2::scaffold-mi1:14081312-14081706	609	615	FOXO4	-1	1.98127	2.65874	2.48608
PER10_SVMP_1.SVMP_2::scaffold-mi1:14081312-14081706	159	165	FOXO4	-1	1.85936	1.44902	1.57835
PER10_SVMP_1.SVMP_2::scaffold-mi1:14081312-14081706	708	715	NR4A2	-1	1.30020	1.28485	1.28549
PER10_SVMP_1.SVMP_2::scaffold-mi1:14081312-14081706	689	696	NR4A2	-1	1.65186	1.82961	2.14460
PER10_SVMP_1.SVMP_2::scaffold-mi1:14081312-14081706	338	346	NFIX	1	2.11258	2.42979	2.96166
PER10_SVMP_1.SVMP_2::scaffold-mi1:14081312-14081706	735	743	NFIX	-1	1.30020	1.02533	1.14081
PER10_SVMP_1.SVMP_2::scaffold-mi1:14081312-14081706	707	715	NFIX	-1	1.30020	1.29942	1.31001
PER10_SVMP_1.SVMP_2::scaffold-mi1:14081312-14081706	388	396	NFIX	-1	2.47788	3.07372	2.61389
PER10_SVMP_1.SVMP_2::scaffold-mi1:14081312-14081706	258	266	NFIX	-1	1.85936	1.48851	1.81887
PER10_SVMP_1.SVMP_2::scaffold-mi1:14081312-14081706	139	147	NFIX	-1	1.32946	0.88285	1.38092
PER10_SVMP_1.SVMP_2::scaffold-mi1:14081312-14081706	358	364	FOXI1	1	2.18527	2.42979	2.96166
PER10_SVMP_1.SVMP_2::scaffold-mi1:14081312-14081706	159	165	FOXI1	-1	1.85936	1.44902	1.57835
PER10_SVMP_1.SVMP_2::scaffold-mi1:14081312-14081706	398	408	ELF5	1	2.47788	3.07372	2.61389
PER10_SVMP_1.SVMP_2::scaffold-mi1:14081312-14081706	408	418	ELF5	1	2.45040	3.00459	2.61389
PER10_SVMP_1.SVMP_2::scaffold-mi1:14081312-14081706	512	518	ELF5_split1	1	1.98127	2.71177	2.48608
PER10_SVMP_1.SVMP_2::scaffold-mi1:14081312-14081706	607	609	ELF5_split2	1	1.98127	2.71177	2.48608
PER10_SVMP_1.SVMP_2::scaffold-mi1:14081312-14081706	249	255	MEIS1	1	1.85936	1.48851	1.76770
PER10_SVMP_1.SVMP_2::scaffold-mi1:14081312-14081706	300	306	MEIS1	1	1.50441	1.59265	1.86051
PER10_SVMP_1.SVMP_2::scaffold-mi1:14081312-14081706	371	377	MEIS1	1	2.37712	2.72656	2.59392
PER10_SVMP_1.SVMP_2::scaffold-mi1:14081312-14081706	689	695	MEIS1	-1	1.70313	1.83066	2.18950
PER10_SVMP_1.SVMP_2::scaffold-mi1:14081312-14081706	146	152	MEIS1	-1	1.26658	0.86343	1.57597
PER10_SVMP_1.SVMP_2::scaffold-mi1:14081312-14081706	119	121	MEIS1_split1	-1	1.61538	0.91100	1.42111
PER10_SVMP_1.SVMP_2::scaffold-mi1:14081312-14081706	125	127	MEIS1_split2	-1	1.61538	0.91100	1.42111
PER10_SVMP_1.SVMP_2::scaffold-mi1:14081312-14081706	338	347	NFIA	1	2.12066	2.42979	2.96166
PER10_SVMP_1.SVMP_2::scaffold-mi1:14081312-14081706	109	114	Arid3a	1	1.61538	0.91100	1.42111
PER10_SVMP_1.SVMP_2::scaffold-mi1:14081312-14081706	358	363	Arid3a	1	2.18527	2.42979	2.96166
PER10_SVMP_1.SVMP_2::scaffold-mi1:14081312-14081706	742	747	Arid3a	-1	1.30020	1.02533	1.14081
PER10_SVMP_1.SVMP_2::scaffold-mi1:14081312-14081706	335	340	Arid3a	-1	1.99920	2.42979	2.96166
PER10_SVMP_1.SVMP_2::scaffold-mi1:14081312-14081706	316	321	Arid3a	-1	1.66645	2.01350	1.92600
PER10_SVMP_1.SVMP_2::scaffold-mi1:14081312-14081706	265	270	Arid3a	-1	1.85936	1.48851	1.81887
PER10_SVMP_1.SVMP_2::scaffold-mi1:14081312-14081706	185	188	Arid3a_split1	-1	1.85936	1.48851	1.63763
PER10_SVMP_1.SVMP_2::scaffold-mi1:14081312-14081706	246	246	Arid3a_split2	-1	1.85936	1.48851	1.63763
PER10_SVMP_1.SVMP_2::scaffold-mi1:14081312-14081706	154	159	Arid3a	-1	1.80541	1.17965	1.57835
PER10_SVMP_1.SVMP_2::scaffold-mi1:14081312-14081706	11	11	Arid3a_split1	-1	1.61538	0.91100	1.42111
PER10_SVMP_1.SVMP_2::scaffold-mi1:14081312-14081706	106	109	Arid3a_split2	-1	1.61538	0.91100	1.42111
PER10_SVMP_1.SVMP_2::scaffold-mi1:14081312-14081706	331	341	FOS	1	1.93433	2.42979	2.92605
PER10_SVMP_1.SVMP_2::scaffold-mi1:14081312-14081706	130	137	PITX2	1	1.61538	0.91100	1.35037
PER10_SVMP_1.SVMP_2::scaffold-mi1:14081312-14081706	289	296	PITX2	1	1.35429	1.41000	1.79296
PER10_SVMP_1.SVMP_2::scaffold-mi1:14081312-14081706	499	506	PITX2	1	1.98127	2.75027	2.35237
PER10_SVMP_1.SVMP_2::scaffold-mi1:14081312-14081706	395	402	PITX2	-1	2.47788	3.07372	2.61389
PER10_SVMP_1.SVMP_2::scaffold-mi1:14081312-14081706	739	746	Bhlha15	1	1.30020	1.02533	1.14081
PER10_SVMP_1.SVMP_2::scaffold-mi1:14081312-14081706	712	715	NFATC1_split1	1	1.30020	1.08878	1.15529
PER10_SVMP_1.SVMP_2::scaffold-mi1:14081312-14081706	732	736	NFATC1_split2	1	1.30020	1.08878	1.15529
PER10_SVMP_1.SVMP_2::scaffold-mi1:14081312-14081706	513	518	NFATC1_split1	-1	1.98127	2.70750	2.48608
PER10_SVMP_1.SVMP_2::scaffold-mi1:14081312-14081706	607	609	NFATC1_split2	-1	1.98127	2.70750	2.48608
PER10_SVMP_1.SVMP_2::scaffold-mi1:14081312-14081706	409	418	NFATC1	-1	2.44735	2.99691	2.61389
PER10_SVMP_1.SVMP_2::scaffold-mi1:14081312-14081706	399	408	NFATC1	-1	2.47788	3.07372	2.61389
PER10_SVMP_1.SVMP_2::scaffold-mi1:14081312-14081706	510	518	EHF_split1	-1	1.98127	2.70989	2.48608
PER10_SVMP_1.SVMP_2::scaffold-mi1:14081312-14081706	607	611	EHF_split2	-1	1.98127	2.70989	2.48608
PER10_SVMP_1.SVMP_2::scaffold-mi1:14081312-14081706	396	410	EHF	-1	2.47788	3.07372	2.61389
PER10_SVMP_1.SVMP_2::scaffold-mi1:14081312-14081706	158	165	FOXO3	-1	1.85936	1.42960	1.57835
PER10_SVMP_1.SVMP_2::scaffold-mi1:14081312-14081706	355	366	FOXC2	1	2.11448	2.41336	2.96166
PER10_SVMP_1.SVMP_2::scaffold-mi1:14081312-14081706	410	420	FOXC2_split1	1	2.33290	2.87432	2.61389
PER10_SVMP_1.SVMP_2::scaffold-mi1:14081312-14081706	653	663	FOXC2_split1	-1	1.82043	1.83431	2.29592
PER10_SVMP_1.SVMP_2::scaffold-mi1:14081312-14081706	157	166	FOXC2_split1	-1	1.85936	1.42957	1.57835
PER10_SVMP_1.SVMP_2::scaffold-mi1:14081312-14081706	181	181	FOXC2_split2	-1	1.85936	1.42957	1.57835
PER10_SVMP_1.SVMP_2::scaffold-mi1:14081312-14081706	499	510	BARX2	-1	1.98127	2.75027	2.39216
PER10_SVMP_1.SVMP_2::scaffold-mi1:14081312-14081706	289	300	BARX2	-1	1.40579	1.46741	1.81753
_R_PER11_SVMP_5::scaffold-mi1:14193627-14194151	282	293	FOXC2	1	2.81585	0.96042	3.72108
_R_PER11_SVMP_5::scaffold-mi1:14193627-14194151	307	318	FOXC2	1	2.81585	1.22364	4.67031
_R_PER11_SVMP_5::scaffold-mi1:14193627-14194151	112	121	RORA	1	0.87166	0.76642	1.21399
_R_PER11_SVMP_5::scaffold-mi1:14193627-14194151	615	623	NFIX	-1	3.16147	1.03041	2.99627
_R_PER11_SVMP_5::scaffold-mi1:14193627-14194151	254	262	NFIX	-1	2.26625	1.38184	2.69532
_R_PER11_SVMP_5::scaffold-mi1:14193627-14194151	223	231	NFIX	-1	2.26625	1.52131	2.66472
_R_PER11_SVMP_5::scaffold-mi1:14193627-14194151	140	148	NFIX	-1	1.20023	0.78879	1.27398
_R_PER11_SVMP_5::scaffold-mi1:14193627-14194151	230	238	NFIX	1	2.26625	1.52131	2.66472
_R_PER11_SVMP_5::scaffold-mi1:14193627-14194151	199	207	SOX9	-1	1.65862	1.32329	2.12889
_R_PER11_SVMP_5::scaffold-mi1:14193627-14194151	245	253	SOX9	1	2.26625	1.51467	2.69532
_R_PER11_SVMP_5::scaffold-mi1:14193627-14194151	285	291	FOXO4	1	2.81585	0.91967	3.74601
_R_PER11_SVMP_5::scaffold-mi1:14193627-14194151	310	316	FOXO4	1	2.81585	1.22364	4.67031
_R_PER11_SVMP_5::scaffold-mi1:14193627-14194151	589	590	FOXO4_split1	1	3.47267	1.27295	4.38416
_R_PER11_SVMP_5::scaffold-mi1:14193627-14194151	592	595	FOXO4_split2	1	3.47267	1.27295	4.38416
_R_PER11_SVMP_5::scaffold-mi1:14193627-14194151	720	729	NFATC1	-1	2.07064	0.49965	1.63245
_R_PER11_SVMP_5::scaffold-mi1:14193627-14194151	259	268	NFATC1	-1	2.26625	1.34654	2.73713
_R_PER11_SVMP_5::scaffold-mi1:14193627-14194151	217	226	NFATC1	-1	2.21198	1.49167	2.65682
_R_PER11_SVMP_5::scaffold-mi1:14193627-14194151	165	174	NFATC1	1	1.75156	1.32329	2.08439
_R_PER11_SVMP_5::scaffold-mi1:14193627-14194151	291	300	NFATC1	1	2.81585	1.11312	4.49196
_R_PER11_SVMP_5::scaffold-mi1:14193627-14194151	579	588	NFATC1	1	3.47267	1.42269	4.56561
_R_PER11_SVMP_5::scaffold-mi1:14193627-14194151	635	644	NFATC1	1	3.45742	0.78724	3.70946
_R_PER11_SVMP_5::scaffold-mi1:14193627-14194151	744	754	FOS	-1	1.62708	0.35289	0.87597
_R_PER11_SVMP_5::scaffold-mi1:14193627-14194151	342	352	FOS	-1	3.40491	1.42941	6.04372
_R_PER11_SVMP_5::scaffold-mi1:14193627-14194151	335	345	FOS	-1	3.40491	1.32372	5.94514
_R_PER11_SVMP_5::scaffold-mi1:14193627-14194151	744	754	FOS	1	1.62708	0.35289	0.87597
_R_PER11_SVMP_5::scaffold-mi1:14193627-14194151	187	194	PITX2	1	1.79030	1.32329	2.12889
_R_PER11_SVMP_5::scaffold-mi1:14193627-14194151	513	517	PITX2_split1	1	3.40491	1.42958	6.04372
_R_PER11_SVMP_5::scaffold-mi1:14193627-14194151	535	536	PITX2_split2	1	3.40491	1.42958	6.04372
_R_PER11_SVMP_5::scaffold-mi1:14193627-14194151	616	625	SREBF2	1	3.22444	0.98014	3.03641
_R_PER11_SVMP_5::scaffold-mi1:14193627-14194151	285	291	FOXI1	1	2.81585	0.91967	3.74601
_R_PER11_SVMP_5::scaffold-mi1:14193627-14194151	589	590	FOXI1_split1	1	3.47267	1.27295	4.38416
_R_PER11_SVMP_5::scaffold-mi1:14193627-14194151	592	595	FOXI1_split2	1	3.47267	1.27295	4.38416
_R_PER11_SVMP_5::scaffold-mi1:14193627-14194151	635	645	ELF5	-1	3.45742	0.78724	3.70946
_R_PER11_SVMP_5::scaffold-mi1:14193627-14194151	291	301	ELF5	-1	2.81585	1.12417	4.50980
_R_PER11_SVMP_5::scaffold-mi1:14193627-14194151	216	226	ELF5	1	2.19607	1.45092	2.61671
_R_PER11_SVMP_5::scaffold-mi1:14193627-14194151	719	729	ELF5	1	2.07064	0.49965	1.63861
_R_PER11_SVMP_5::scaffold-mi1:14193627-14194151	676	682	MEIS1	-1	2.28521	0.56365	2.36358
_R_PER11_SVMP_5::scaffold-mi1:14193627-14194151	496	499	MEIS1_split1	-1	3.40491	1.42958	6.04372
_R_PER11_SVMP_5::scaffold-mi1:14193627-14194151	505	506	MEIS1_split2	-1	3.40491	1.42958	6.04372
_R_PER11_SVMP_5::scaffold-mi1:14193627-14194151	111	117	MEIS1	1	0.86658	0.75156	1.24430
_R_PER11_SVMP_5::scaffold-mi1:14193627-14194151	250	256	MEIS1	1	2.26625	1.47832	2.69532
_R_PER11_SVMP_5::scaffold-mi1:14193627-14194151	322	324	MEIS1_split1	1	2.91537	1.22364	4.07621
_R_PER11_SVMP_5::scaffold-mi1:14193627-14194151	329	331	MEIS1_split2	1	2.91537	1.22364	4.07621
_R_PER11_SVMP_5::scaffold-mi1:14193627-14194151	285	292	FOXO3	1	2.81585	0.91954	3.78596
_R_PER11_SVMP_5::scaffold-mi1:14193627-14194151	310	317	FOXO3	1	2.81585	1.22364	4.67031
_R_PER11_SVMP_5::scaffold-mi1:14193627-14194151	616	625	SREBF1	-1	3.22444	0.98014	3.03641
_R_PER11_SVMP_5::scaffold-mi1:14193627-14194151	750	757	Bhlha15	-1	1.63837	0.35304	0.89193
_R_PER11_SVMP_5::scaffold-mi1:14193627-14194151	304	311	Bhlha15	1	2.81585	1.22364	4.67031
_R_PER11_SVMP_5::scaffold-mi1:14193627-14194151	750	757	Bhlha15	1	1.63837	0.35304	0.89193
_R_PER11_SVMP_5::scaffold-mi1:14193627-14194151	717	731	EHF	-1	2.07064	0.49832	1.63861
_R_PER11_SVMP_5::scaffold-mi1:14193627-14194151	289	303	EHF	1	2.81585	1.10857	4.46167
_R_PER11_SVMP_5::scaffold-mi1:14193627-14194151	633	647	EHF	1	3.45742	0.78786	3.70946
_R_PER11_SVMP_5::scaffold-mi1:14193627-14194151	115	122	NR4A2	1	0.87516	0.77624	1.15653
_R_PER11_SVMP_5::scaffold-mi1:14193627-14194151	253	262	NFIA	-1	2.26625	1.39167	2.69532
_R_PER11_SVMP_5::scaffold-mi1:14193627-14194151	512	517	Arid3a	-1	3.40491	1.42958	6.04372
_R_PER11_SVMP_5::scaffold-mi1:14193627-14194151	186	191	Arid3a	-1	1.79030	1.32329	2.12415
_R_PER11_SVMP_5::scaffold-mi1:14193627-14194151	155	160	Arid3a	-1	1.56334	1.17011	1.92681
_R_PER11_SVMP_5::scaffold-mi1:14193627-14194151	308	313	Arid3a	1	2.81585	1.22364	4.67031
_R_PER11_SVMP_5::scaffold-mi1:14193627-14194151	336	341	Arid3a	1	3.40491	1.25985	6.04372
_R_PER11_SVMP_5::scaffold-mi1:14193627-14194151	343	348	Arid3a	1	3.40491	1.42958	6.04372
_R_PER11_SVMP_5::scaffold-mi1:14193627-14194151	347	352	Arid3a	1	3.40491	1.42958	6.04372
_R_PER11_SVMP_5::scaffold-mi1:14193627-14194151	512	517	Arid3a	1	3.40491	1.42958	6.04372
_R_PER11_SVMP_5::scaffold-mi1:14193627-14194151	604	609	Arid3a	1	3.47011	1.24845	4.19161
_R_PER11_SVMP_5::scaffold-mi1:14193627-14194151	632	637	Arid3a	1	3.45742	0.79070	3.70946
_R_PER11_SVMP_5::scaffold-mi1:14193627-14194151	702	713	ZNF652	1	2.07064	0.49965	1.72285
_R_PER11_SVMP_5::scaffold-mi1:14193627-14194151	513	517	BARX2_split1	-1	3.40491	1.42958	6.04372
_R_PER11_SVMP_5::scaffold-mi1:14193627-14194151	535	540	BARX2_split2	-1	3.40491	1.42958	6.04372
_R_PER12_SVMP_5::scaffold-mi1:14203264-14203870	750	757	Bhlha15	-1	0.88329	0.25110	1.76391
_R_PER12_SVMP_5::scaffold-mi1:14203264-14203870	304	311	Bhlha15	1	2.83591	1.60011	4.03314
_R_PER12_SVMP_5::scaffold-mi1:14203264-14203870	750	757	Bhlha15	1	0.88329	0.25110	1.76391
_R_PER12_SVMP_5::scaffold-mi1:14203264-14203870	285	292	FOXO3	1	2.31155	1.52437	3.69487
_R_PER12_SVMP_5::scaffold-mi1:14203264-14203870	310	317	FOXO3	1	2.83591	1.60011	4.03314
_R_PER12_SVMP_5::scaffold-mi1:14203264-14203870	186	191	Arid3a	-1	2.39263	1.43517	4.55122
_R_PER12_SVMP_5::scaffold-mi1:14203264-14203870	155	160	Arid3a	-1	2.11574	1.08288	3.94538
_R_PER12_SVMP_5::scaffold-mi1:14203264-14203870	308	313	Arid3a	1	2.83591	1.60011	4.03314
_R_PER12_SVMP_5::scaffold-mi1:14203264-14203870	336	341	Arid3a	1	2.74199	1.27997	4.28694
_R_PER12_SVMP_5::scaffold-mi1:14203264-14203870	343	348	Arid3a	1	3.27808	1.54464	4.71691
_R_PER12_SVMP_5::scaffold-mi1:14203264-14203870	347	352	Arid3a	1	3.76234	1.79254	4.71691
_R_PER12_SVMP_5::scaffold-mi1:14203264-14203870	632	637	Arid3a	1	3.56512	1.13700	4.74112
_R_PER12_SVMP_5::scaffold-mi1:14203264-14203870	689	694	Arid3a	1	1.80416	0.73584	3.00876
_R_PER12_SVMP_5::scaffold-mi1:14203264-14203870	716	721	Arid3a	1	1.00558	0.28740	2.01895
_R_PER12_SVMP_5::scaffold-mi1:14203264-14203870	689	700	ZNF652	-1	1.67393	0.66993	2.94004
_R_PER12_SVMP_5::scaffold-mi1:14203264-14203870	702	713	ZNF652	1	1.08850	0.42540	2.06594
_R_PER12_SVMP_5::scaffold-mi1:14203264-14203870	513	520	NR4A2	-1	4.46670	2.15923	5.34381
_R_PER12_SVMP_5::scaffold-mi1:14203264-14203870	115	122	NR4A2	1	1.62840	1.04762	1.68311
_R_PER12_SVMP_5::scaffold-mi1:14203264-14203870	187	194	PITX2	1	2.40244	1.43911	4.56431
_R_PER12_SVMP_5::scaffold-mi1:14203264-14203870	253	262	NFIA	-1	2.90593	1.75175	4.54213
_R_PER12_SVMP_5::scaffold-mi1:14203264-14203870	717	731	EHF	-1	0.98727	0.28647	1.82970
_R_PER12_SVMP_5::scaffold-mi1:14203264-14203870	289	303	EHF	1	2.59484	1.55360	3.76180
_R_PER12_SVMP_5::scaffold-mi1:14203264-14203870	633	647	EHF	1	3.40968	1.09318	4.74112
_R_PER12_SVMP_5::scaffold-mi1:14203264-14203870	690	701	BARX2	-1	1.59710	0.63965	2.87026
_R_PER12_SVMP_5::scaffold-mi1:14203264-14203870	54	65	BARX2	-1	1.83121	0.97044	2.09380
_R_PER12_SVMP_5::scaffold-mi1:14203264-14203870	509	520	FOXC2	-1	4.46073	2.08314	5.34381
_R_PER12_SVMP_5::scaffold-mi1:14203264-14203870	282	293	FOXC2	1	2.46603	1.57011	3.83057
_R_PER12_SVMP_5::scaffold-mi1:14203264-14203870	307	318	FOXC2	1	2.83591	1.60011	4.03314
_R_PER12_SVMP_5::scaffold-mi1:14203264-14203870	340	351	FOXC2	1	3.31613	1.51962	4.71691
_R_PER12_SVMP_5::scaffold-mi1:14203264-14203870	285	291	FOXO4	1	2.31956	1.52649	3.75019
_R_PER12_SVMP_5::scaffold-mi1:14203264-14203870	310	316	FOXO4	1	2.83591	1.60011	4.03314
_R_PER12_SVMP_5::scaffold-mi1:14203264-14203870	514	523	RORA	-1	4.52266	2.26561	5.34381
_R_PER12_SVMP_5::scaffold-mi1:14203264-14203870	112	121	RORA	1	1.64032	1.02690	1.63837
_R_PER12_SVMP_5::scaffold-mi1:14203264-14203870	720	729	NFATC1	-1	0.98532	0.28647	1.81808
_R_PER12_SVMP_5::scaffold-mi1:14203264-14203870	592	598	NFATC1_split1	-1	4.34656	1.76338	5.47898
_R_PER12_SVMP_5::scaffold-mi1:14203264-14203870	607	608	NFATC1_split2	-1	4.34656	1.76338	5.47898
_R_PER12_SVMP_5::scaffold-mi1:14203264-14203870	259	268	NFATC1	-1	2.90593	1.75175	4.53866
_R_PER12_SVMP_5::scaffold-mi1:14203264-14203870	239	248	NFATC1	-1	2.90593	1.65383	4.54490
_R_PER12_SVMP_5::scaffold-mi1:14203264-14203870	217	226	NFATC1	-1	2.38326	1.31687	4.53064
_R_PER12_SVMP_5::scaffold-mi1:14203264-14203870	122	131	NFATC1	1	1.86183	1.04762	1.77356
_R_PER12_SVMP_5::scaffold-mi1:14203264-14203870	165	174	NFATC1	1	2.28738	1.36370	4.21413
_R_PER12_SVMP_5::scaffold-mi1:14203264-14203870	291	300	NFATC1	1	2.61118	1.55095	3.73017
_R_PER12_SVMP_5::scaffold-mi1:14203264-14203870	580	589	NFATC1	1	5.27383	1.80466	6.89379
_R_PER12_SVMP_5::scaffold-mi1:14203264-14203870	635	644	NFATC1	1	3.42938	1.08476	4.74112
_R_PER12_SVMP_5::scaffold-mi1:14203264-14203870	199	207	SOX9	-1	2.40244	1.43911	4.56431
_R_PER12_SVMP_5::scaffold-mi1:14203264-14203870	74	82	SOX9	-1	2.08348	0.97044	2.09380
_R_PER12_SVMP_5::scaffold-mi1:14203264-14203870	41	49	SOX9	-1	1.37611	0.82226	1.32169
_R_PER12_SVMP_5::scaffold-mi1:14203264-14203870	245	253	SOX9	1	2.90593	1.75175	4.54490
_R_PER12_SVMP_5::scaffold-mi1:14203264-14203870	510	518	SOX9	1	4.45841	2.05066	5.34381
_R_PER12_SVMP_5::scaffold-mi1:14203264-14203870	285	291	FOXI1	1	2.31956	1.52649	3.75019
_R_PER12_SVMP_5::scaffold-mi1:14203264-14203870	744	754	FOS	-1	0.86504	0.25093	1.78307
_R_PER12_SVMP_5::scaffold-mi1:14203264-14203870	520	530	FOS	-1	4.93183	2.69967	5.51537
_R_PER12_SVMP_5::scaffold-mi1:14203264-14203870	335	345	FOS	-1	2.86193	1.29411	4.41596
_R_PER12_SVMP_5::scaffold-mi1:14203264-14203870	520	530	FOS	1	4.93183	2.69967	5.51537
_R_PER12_SVMP_5::scaffold-mi1:14203264-14203870	744	754	FOS	1	0.86504	0.25093	1.78307
_R_PER12_SVMP_5::scaffold-mi1:14203264-14203870	254	262	NFIX	-1	2.90593	1.75175	4.54178
_R_PER12_SVMP_5::scaffold-mi1:14203264-14203870	223	231	NFIX	-1	2.56647	1.40540	4.54490
_R_PER12_SVMP_5::scaffold-mi1:14203264-14203870	140	148	NFIX	-1	1.82082	1.01269	2.24411
_R_PER12_SVMP_5::scaffold-mi1:14203264-14203870	230	238	NFIX	1	2.78899	1.40540	4.54490
_R_PER12_SVMP_5::scaffold-mi1:14203264-14203870	616	625	SREBF2	1	3.87274	1.20260	4.74112
_R_PER12_SVMP_5::scaffold-mi1:14203264-14203870	616	625	SREBF1	-1	3.87274	1.20260	4.74112
_R_PER12_SVMP_5::scaffold-mi1:14203264-14203870	635	645	ELF5	-1	3.41621	1.08424	4.74112
_R_PER12_SVMP_5::scaffold-mi1:14203264-14203870	580	590	ELF5	-1	5.24542	1.80193	6.89379
_R_PER12_SVMP_5::scaffold-mi1:14203264-14203870	291	301	ELF5	-1	2.63365	1.55587	3.76047
_R_PER12_SVMP_5::scaffold-mi1:14203264-14203870	216	226	ELF5	1	2.34802	1.30159	4.44812
_R_PER12_SVMP_5::scaffold-mi1:14203264-14203870	590	590	ELF5_split1	1	4.37379	1.76477	5.62046
_R_PER12_SVMP_5::scaffold-mi1:14203264-14203870	592	598	ELF5_split2	1	4.37379	1.76477	5.62046
_R_PER12_SVMP_5::scaffold-mi1:14203264-14203870	607	608	ELF5_split3	1	4.37379	1.76477	5.62046
_R_PER12_SVMP_5::scaffold-mi1:14203264-14203870	719	729	ELF5	1	0.98730	0.28647	1.83817
_R_PER12_SVMP_5::scaffold-mi1:14203264-14203870	496	499	MEIS1_split1	-1	4.19614	1.89242	5.05412
_R_PER12_SVMP_5::scaffold-mi1:14203264-14203870	505	506	MEIS1_split2	-1	4.19614	1.89242	5.05412
_R_PER12_SVMP_5::scaffold-mi1:14203264-14203870	40	46	MEIS1	1	1.25653	0.72874	1.16453
_R_PER12_SVMP_5::scaffold-mi1:14203264-14203870	111	117	MEIS1	1	1.70783	1.00207	1.59209
_R_PER12_SVMP_5::scaffold-mi1:14203264-14203870	250	256	MEIS1	1	2.90593	1.75175	4.54490
_R_PER12_SVMP_5::scaffold-mi1:14203264-14203870	322	324	MEIS1_split1	1	2.83022	1.60011	3.91985
_R_PER12_SVMP_5::scaffold-mi1:14203264-14203870	329	331	MEIS1_split2	1	2.83022	1.60011	3.91985
_R_PER12_SVMP_5::scaffold-mi1:14203264-14203870	521	527	MEIS1	1	4.85935	2.63293	5.50720
_R_PER15_SVMP_8::scaffold-mi1:14304569-14305089	239	248	NFATC1	-1	2.81381	1.79271	2.00881
_R_PER15_SVMP_8::scaffold-mi1:14304569-14305089	122	131	NFATC1	1	0.90816	0.75185	1.18754
_R_PER15_SVMP_8::scaffold-mi1:14304569-14305089	165	174	NFATC1	1	1.53887	0.96589	0.82065
_R_PER15_SVMP_8::scaffold-mi1:14304569-14305089	291	300	NFATC1	1	3.36408	3.28614	2.75653
_R_PER15_SVMP_8::scaffold-mi1:14304569-14305089	499	508	NFATC1	1	3.84886	2.82063	3.26796
_R_PER15_SVMP_8::scaffold-mi1:14304569-14305089	635	644	NFATC1	1	2.54435	1.06765	1.88936
_R_PER15_SVMP_8::scaffold-mi1:14304569-14305089	702	713	ZNF652	1	1.83921	0.83749	1.16165
_R_PER15_SVMP_8::scaffold-mi1:14304569-14305089	223	231	NFIX	-1	1.88957	1.79271	1.58594
_R_PER15_SVMP_8::scaffold-mi1:14304569-14305089	140	148	NFIX	-1	0.89666	0.76429	1.18754
_R_PER15_SVMP_8::scaffold-mi1:14304569-14305089	230	238	NFIX	1	2.29400	1.79271	1.83040
_R_PER15_SVMP_8::scaffold-mi1:14304569-14305089	262	270	NFIX	1	2.96489	2.47927	2.01885
_R_PER15_SVMP_8::scaffold-mi1:14304569-14305089	218	223	Arid3a	-1	1.72171	1.77393	1.39720
_R_PER15_SVMP_8::scaffold-mi1:14304569-14305089	186	191	Arid3a	-1	1.57022	0.96589	0.83153
_R_PER15_SVMP_8::scaffold-mi1:14304569-14305089	155	160	Arid3a	-1	1.33623	0.96589	1.15555
_R_PER15_SVMP_8::scaffold-mi1:14304569-14305089	308	313	Arid3a	1	3.61379	3.27955	3.01642
_R_PER15_SVMP_8::scaffold-mi1:14304569-14305089	336	341	Arid3a	1	3.61379	2.79735	2.97740
_R_PER15_SVMP_8::scaffold-mi1:14304569-14305089	343	348	Arid3a	1	3.61125	2.82063	3.20069
_R_PER15_SVMP_8::scaffold-mi1:14304569-14305089	347	352	Arid3a	1	3.19043	2.82063	3.26796
_R_PER15_SVMP_8::scaffold-mi1:14304569-14305089	604	609	Arid3a	1	3.56856	2.39407	2.28408
_R_PER15_SVMP_8::scaffold-mi1:14304569-14305089	632	637	Arid3a	1	2.54435	1.06765	1.88936
_R_PER15_SVMP_8::scaffold-mi1:14304569-14305089	744	754	FOS	-1	1.18311	0.53661	0.54871
_R_PER15_SVMP_8::scaffold-mi1:14304569-14305089	335	345	FOS	-1	3.61379	2.79634	2.99733
_R_PER15_SVMP_8::scaffold-mi1:14304569-14305089	744	754	FOS	1	1.18311	0.53661	0.54871
_R_PER15_SVMP_8::scaffold-mi1:14304569-14305089	509	520	FOXC2	-1	4.10557	2.82063	3.26711
_R_PER15_SVMP_8::scaffold-mi1:14304569-14305089	282	293	FOXC2	1	2.79549	3.13431	2.15679
_R_PER15_SVMP_8::scaffold-mi1:14304569-14305089	307	318	FOXC2	1	3.61379	3.23296	3.01642
_R_PER15_SVMP_8::scaffold-mi1:14304569-14305089	340	351	FOXC2	1	3.45602	2.82063	3.18488
_R_PER15_SVMP_8::scaffold-mi1:14304569-14305089	719	730	FOXC2	1	1.12690	0.65640	0.65857
_R_PER15_SVMP_8::scaffold-mi1:14304569-14305089	635	645	ELF5	-1	2.54435	1.06765	1.88936
_R_PER15_SVMP_8::scaffold-mi1:14304569-14305089	499	509	ELF5	-1	3.84886	2.82063	3.26796
_R_PER15_SVMP_8::scaffold-mi1:14304569-14305089	291	301	ELF5	-1	3.38905	3.28614	2.78252
_R_PER15_SVMP_8::scaffold-mi1:14304569-14305089	750	757	Bhlha15	-1	1.19963	0.52444	0.54793
_R_PER15_SVMP_8::scaffold-mi1:14304569-14305089	304	311	Bhlha15	1	3.61379	3.28614	3.01642
_R_PER15_SVMP_8::scaffold-mi1:14304569-14305089	519	525	MEIS1	-1	4.29422	2.82063	3.17405
_R_PER15_SVMP_8::scaffold-mi1:14304569-14305089	496	502	MEIS1	-1	3.84640	2.82063	3.26796
_R_PER15_SVMP_8::scaffold-mi1:14304569-14305089	111	117	MEIS1	1	0.87659	0.81623	1.14774
_R_PER15_SVMP_8::scaffold-mi1:14304569-14305089	250	256	MEIS1	1	2.91514	1.79271	2.01454
_R_PER15_SVMP_8::scaffold-mi1:14304569-14305089	255	261	MEIS1	1	2.91514	1.90459	2.01454
_R_PER15_SVMP_8::scaffold-mi1:14304569-14305089	322	324	MEIS1_split1	1	3.61379	2.61237	3.01642
_R_PER15_SVMP_8::scaffold-mi1:14304569-14305089	329	331	MEIS1_split2	1	3.61379	2.61237	3.01642
_R_PER15_SVMP_8::scaffold-mi1:14304569-14305089	724	732	SOX9	-1	1.06332	0.61738	0.62514
_R_PER15_SVMP_8::scaffold-mi1:14304569-14305089	199	207	SOX9	-1	1.56798	1.05748	0.99000
_R_PER15_SVMP_8::scaffold-mi1:14304569-14305089	245	253	SOX9	1	2.90097	1.79271	2.01454
_R_PER15_SVMP_8::scaffold-mi1:14304569-14305089	510	518	SOX9	1	4.09402	2.82063	3.26796
_R_PER15_SVMP_8::scaffold-mi1:14304569-14305089	616	625	SREBF2	1	2.31589	1.20282	1.52368
_R_PER15_SVMP_8::scaffold-mi1:14304569-14305089	285	291	FOXO4	1	2.70813	3.12848	2.13168
_R_PER15_SVMP_8::scaffold-mi1:14304569-14305089	310	316	FOXO4	1	3.61379	3.22545	3.01642
_R_PER15_SVMP_8::scaffold-mi1:14304569-14305089	589	590	FOXO4_split1	1	3.56856	2.39407	2.28408
_R_PER15_SVMP_8::scaffold-mi1:14304569-14305089	592	595	FOXO4_split2	1	3.56856	2.39407	2.28408
_R_PER15_SVMP_8::scaffold-mi1:14304569-14305089	187	194	PITX2	1	1.57022	0.96589	0.87523
_R_PER15_SVMP_8::scaffold-mi1:14304569-14305089	616	625	SREBF1	-1	2.31589	1.20282	1.52368
_R_PER15_SVMP_8::scaffold-mi1:14304569-14305089	285	291	FOXI1	1	2.70813	3.12848	2.13168
_R_PER15_SVMP_8::scaffold-mi1:14304569-14305089	589	590	FOXI1_split1	1	3.56856	2.39407	2.28408
_R_PER15_SVMP_8::scaffold-mi1:14304569-14305089	592	595	FOXI1_split2	1	3.56856	2.39407	2.28408
_R_PER15_SVMP_8::scaffold-mi1:14304569-14305089	513	520	NR4A2	-1	4.25226	2.82063	3.26662
_R_PER15_SVMP_8::scaffold-mi1:14304569-14305089	285	292	FOXO3	1	2.71158	3.15100	2.17177
_R_PER15_SVMP_8::scaffold-mi1:14304569-14305089	310	317	FOXO3	1	3.61379	3.21835	3.01642
_R_PER15_SVMP_8::scaffold-mi1:14304569-14305089	690	693	BARX2_split1	-1	2.26669	0.86119	1.56413
_R_PER15_SVMP_8::scaffold-mi1:14304569-14305089	695	701	BARX2_split2	-1	2.26669	0.86119	1.56413
_R_PER15_SVMP_8::scaffold-mi1:14304569-14305089	701	712	BARX2	1	1.86245	0.83778	1.20443
_R_PER15_SVMP_8::scaffold-mi1:14304569-14305089	289	303	EHF	1	3.32162	3.28378	2.75894
_R_PER15_SVMP_8::scaffold-mi1:14304569-14305089	633	647	EHF	1	2.54435	1.06765	1.88936
_R_PER15_SVMP_8::scaffold-mi1:14304569-14305089	514	523	RORA	-1	4.27910	2.82063	3.16848
_R_PER13_SVMP_6::scaffold-mi1:14246402-14246862	239	248	NFATC1	-1	3.83212	3.46816	3.31458
_R_PER13_SVMP_6::scaffold-mi1:14246402-14246862	217	226	NFATC1	-1	3.40166	2.79949	3.31385
_R_PER13_SVMP_6::scaffold-mi1:14246402-14246862	64	73	NFATC1	-1	1.72093	1.57275	1.04373
_R_PER13_SVMP_6::scaffold-mi1:14246402-14246862	122	131	NFATC1	1	2.43942	1.76065	1.52238
_R_PER13_SVMP_6::scaffold-mi1:14246402-14246862	165	174	NFATC1	1	2.97168	2.40519	3.38717
_R_PER13_SVMP_6::scaffold-mi1:14246402-14246862	291	300	NFATC1	1	3.10051	2.75714	3.69596
_R_PER13_SVMP_6::scaffold-mi1:14246402-14246862	499	508	NFATC1	1	1.90715	1.86593	2.31420
_R_PER13_SVMP_6::scaffold-mi1:14246402-14246862	136	143	PITX2	1	2.43942	1.76064	1.74815
_R_PER13_SVMP_6::scaffold-mi1:14246402-14246862	187	194	PITX2	1	2.97168	2.40519	3.38717
_R_PER13_SVMP_6::scaffold-mi1:14246402-14246862	499	509	ELF5	-1	1.89051	1.85283	2.31420
_R_PER13_SVMP_6::scaffold-mi1:14246402-14246862	291	301	ELF5	-1	3.11060	2.77285	3.72384
_R_PER13_SVMP_6::scaffold-mi1:14246402-14246862	63	73	ELF5	1	1.71599	1.53797	1.03435
_R_PER13_SVMP_6::scaffold-mi1:14246402-14246862	216	226	ELF5	1	3.40166	2.79949	3.28508
_R_PER13_SVMP_6::scaffold-mi1:14246402-14246862	111	117	MEIS1	1	1.87269	1.53546	1.24090
_R_PER13_SVMP_6::scaffold-mi1:14246402-14246862	322	324	MEIS1_split1	1	3.20144	2.91426	3.81717
_R_PER13_SVMP_6::scaffold-mi1:14246402-14246862	329	331	MEIS1_split2	1	3.20144	2.91426	3.81717
_R_PER13_SVMP_6::scaffold-mi1:14246402-14246862	340	346	MEIS1	1	2.75544	2.82930	2.94768
_R_PER13_SVMP_6::scaffold-mi1:14246402-14246862	289	303	EHF	1	3.09073	2.83884	3.65025
_R_PER13_SVMP_6::scaffold-mi1:14246402-14246862	497	511	EHF	1	1.91689	1.84578	2.31420
_R_PER13_SVMP_6::scaffold-mi1:14246402-14246862	254	262	NFIX	-1	3.95044	3.56526	3.31458
_R_PER13_SVMP_6::scaffold-mi1:14246402-14246862	249	257	NFIX	-1	3.95044	3.56526	3.31458
_R_PER13_SVMP_6::scaffold-mi1:14246402-14246862	223	231	NFIX	-1	3.40166	2.79949	3.31458
_R_PER13_SVMP_6::scaffold-mi1:14246402-14246862	140	148	NFIX	-1	2.43942	1.76065	1.97284
_R_PER13_SVMP_6::scaffold-mi1:14246402-14246862	230	238	NFIX	1	3.35802	2.78093	3.31458
_R_PER13_SVMP_6::scaffold-mi1:14246402-14246862	520	530	FOS	-1	1.74075	1.84216	1.91051
_R_PER13_SVMP_6::scaffold-mi1:14246402-14246862	335	345	FOS	-1	2.90750	2.83681	3.02405
_R_PER13_SVMP_6::scaffold-mi1:14246402-14246862	520	530	FOS	1	1.74075	1.84216	1.91051
_R_PER13_SVMP_6::scaffold-mi1:14246402-14246862	616	625	SREBF1	-1	1.04881	0.77954	2.00843
_R_PER13_SVMP_6::scaffold-mi1:14246402-14246862	616	625	SREBF2	1	1.04881	0.77954	2.00843
_R_PER13_SVMP_6::scaffold-mi1:14246402-14246862	285	291	FOXI1	1	3.23572	3.26778	2.83509
_R_PER13_SVMP_6::scaffold-mi1:14246402-14246862	282	293	FOXC2	1	3.36854	3.25470	3.02637
_R_PER13_SVMP_6::scaffold-mi1:14246402-14246862	307	318	FOXC2	1	3.20144	2.91426	3.97484
_R_PER13_SVMP_6::scaffold-mi1:14246402-14246862	343	350	Bhlha15	-1	2.74649	2.78101	2.82622
_R_PER13_SVMP_6::scaffold-mi1:14246402-14246862	304	311	Bhlha15	1	3.20144	2.91426	3.97484
_R_PER13_SVMP_6::scaffold-mi1:14246402-14246862	285	292	FOXO3	1	3.18468	3.21838	2.89300
_R_PER13_SVMP_6::scaffold-mi1:14246402-14246862	310	317	FOXO3	1	3.20144	2.91426	3.97484
_R_PER13_SVMP_6::scaffold-mi1:14246402-14246862	285	291	FOXO4	1	3.23572	3.26778	2.83509
_R_PER13_SVMP_6::scaffold-mi1:14246402-14246862	310	316	FOXO4	1	3.20144	2.91426	3.97484
_R_PER13_SVMP_6::scaffold-mi1:14246402-14246862	199	207	SOX9	-1	2.96938	2.40519	3.38717
_R_PER13_SVMP_6::scaffold-mi1:14246402-14246862	245	253	SOX9	1	3.95044	3.56526	3.31458
_R_PER13_SVMP_6::scaffold-mi1:14246402-14246862	253	262	NFIA	-1	3.95044	3.56526	3.31458
_R_PER13_SVMP_6::scaffold-mi1:14246402-14246862	186	191	Arid3a	-1	2.97168	2.40519	3.38717
_R_PER13_SVMP_6::scaffold-mi1:14246402-14246862	155	160	Arid3a	-1	2.73303	2.25574	3.14757
_R_PER13_SVMP_6::scaffold-mi1:14246402-14246862	135	140	Arid3a	-1	2.43942	1.76065	1.63174
_R_PER13_SVMP_6::scaffold-mi1:14246402-14246862	196	201	Arid3a	1	2.97168	2.40519	3.38717
_R_PER13_SVMP_6::scaffold-mi1:14246402-14246862	308	313	Arid3a	1	3.20144	2.91426	3.97484
_R_PER13_SVMP_6::scaffold-mi1:14246402-14246862	336	341	Arid3a	1	2.99639	2.84276	3.04566
_R_PER13_SVMP_6::scaffold-mi1:14246402-14246862	347	352	Arid3a	1	2.71282	2.62499	2.68113
_R_PER13_SVMP_6::scaffold-mi1:14246402-14246862	604	609	Arid3a	1	1.42924	1.20023	2.00843
_R_PER13_SVMP_6::scaffold-mi1:14246402-14246862	632	637	Arid3a	1	1.05957	0.77954	2.18233
_R_PER16_SVMP_10::scaffold-mi1:14395528-14396031	310	317	FOXO3	1	2.55085	2.54887	3.16772
_R_PER16_SVMP_10::scaffold-mi1:14395528-14396031	343	350	Bhlha15	-1	3.85100	2.90340	3.16034
_R_PER16_SVMP_10::scaffold-mi1:14395528-14396031	717	731	EHF	-1	1.08382	0.47402	1.60448
_R_PER16_SVMP_10::scaffold-mi1:14395528-14396031	497	511	EHF	1	3.99240	3.13182	3.46354
_R_PER16_SVMP_10::scaffold-mi1:14395528-14396031	633	647	EHF	1	2.32694	1.33395	2.93944
_R_PER16_SVMP_10::scaffold-mi1:14395528-14396031	512	517	FOS_split1	-1	3.63780	2.67950	3.18668
_R_PER16_SVMP_10::scaffold-mi1:14395528-14396031	544	547	FOS_split2	-1	3.63780	2.67950	3.18668
_R_PER16_SVMP_10::scaffold-mi1:14395528-14396031	335	345	FOS	-1	3.45615	2.65989	3.13338
_R_PER16_SVMP_10::scaffold-mi1:14395528-14396031	512	517	FOS_split1	1	3.63780	2.67950	3.18668
_R_PER16_SVMP_10::scaffold-mi1:14395528-14396031	544	547	FOS_split2	1	3.63780	2.67950	3.18668
_R_PER16_SVMP_10::scaffold-mi1:14395528-14396031	616	625	SREBF1	-1	2.32694	1.33722	2.93944
_R_PER16_SVMP_10::scaffold-mi1:14395528-14396031	512	517	Arid3a	-1	3.99240	3.10233	3.46354
_R_PER16_SVMP_10::scaffold-mi1:14395528-14396031	290	295	Arid3a	-1	2.42805	2.38024	3.14712
_R_PER16_SVMP_10::scaffold-mi1:14395528-14396031	186	191	Arid3a	-1	1.87130	1.80817	2.34905
_R_PER16_SVMP_10::scaffold-mi1:14395528-14396031	155	160	Arid3a	-1	1.51985	1.09325	2.08593
_R_PER16_SVMP_10::scaffold-mi1:14395528-14396031	336	341	Arid3a	1	3.30503	2.56203	3.16772
_R_PER16_SVMP_10::scaffold-mi1:14395528-14396031	604	609	Arid3a	1	3.00951	2.17126	2.70977
_R_PER16_SVMP_10::scaffold-mi1:14395528-14396031	632	637	Arid3a	1	2.32694	1.33395	2.93944
_R_PER16_SVMP_10::scaffold-mi1:14395528-14396031	253	262	NFIA	-1	2.19378	3.20458	2.66239
_R_PER16_SVMP_10::scaffold-mi1:14395528-14396031	682	688	MEIS1	-1	1.59296	1.07018	1.59368
_R_PER16_SVMP_10::scaffold-mi1:14395528-14396031	111	117	MEIS1	1	1.50106	0.74901	1.92575
_R_PER16_SVMP_10::scaffold-mi1:14395528-14396031	250	256	MEIS1	1	2.19378	3.20458	2.66239
_R_PER16_SVMP_10::scaffold-mi1:14395528-14396031	263	269	MEIS1	1	2.19378	3.20458	2.66239
_R_PER16_SVMP_10::scaffold-mi1:14395528-14396031	322	324	MEIS1_split1	1	3.06305	2.54887	3.16772
_R_PER16_SVMP_10::scaffold-mi1:14395528-14396031	329	331	MEIS1_split2	1	3.06305	2.54887	3.16772
_R_PER16_SVMP_10::scaffold-mi1:14395528-14396031	340	346	MEIS1	1	3.70171	2.79672	3.11800
_R_PER16_SVMP_10::scaffold-mi1:14395528-14396031	635	645	ELF5	-1	2.32694	1.33395	2.93944
_R_PER16_SVMP_10::scaffold-mi1:14395528-14396031	567	577	ELF5	-1	3.46977	2.67997	3.53328
_R_PER16_SVMP_10::scaffold-mi1:14395528-14396031	499	509	ELF5	-1	3.99240	3.13182	3.46354
_R_PER16_SVMP_10::scaffold-mi1:14395528-14396031	216	226	ELF5	1	2.48064	1.82311	2.07723
_R_PER16_SVMP_10::scaffold-mi1:14395528-14396031	719	729	ELF5	1	1.09497	0.47081	1.61022
_R_PER16_SVMP_10::scaffold-mi1:14395528-14396031	310	316	FOXO4	1	2.54059	2.54887	3.16772
_R_PER16_SVMP_10::scaffold-mi1:14395528-14396031	616	625	SREBF2	1	2.32694	1.33722	2.93944
_R_PER16_SVMP_10::scaffold-mi1:14395528-14396031	187	194	PITX2	1	1.99008	1.80817	2.36314
_R_PER16_SVMP_10::scaffold-mi1:14395528-14396031	199	207	SOX9	-1	2.48065	1.80817	2.36314
_R_PER16_SVMP_10::scaffold-mi1:14395528-14396031	74	82	SOX9	-1	1.47681	0.76907	1.64957
_R_PER16_SVMP_10::scaffold-mi1:14395528-14396031	245	253	SOX9	1	2.21881	3.20458	2.66239
_R_PER16_SVMP_10::scaffold-mi1:14395528-14396031	510	517	SOX9_split1	1	3.99240	3.06916	3.46354
_R_PER16_SVMP_10::scaffold-mi1:14395528-14396031	300	301	FOXC2_split1	1	2.55831	2.54887	3.16772
_R_PER16_SVMP_10::scaffold-mi1:14395528-14396031	309	317	FOXC2_split2	1	2.55831	2.54887	3.16772
_R_PER16_SVMP_10::scaffold-mi1:14395528-14396031	254	262	NFIX	-1	2.19378	3.20458	2.66239
_R_PER16_SVMP_10::scaffold-mi1:14395528-14396031	223	231	NFIX	-1	2.45962	1.99871	1.98173
_R_PER16_SVMP_10::scaffold-mi1:14395528-14396031	140	148	NFIX	-1	1.59613	0.72316	2.15555
_R_PER16_SVMP_10::scaffold-mi1:14395528-14396031	230	238	NFIX	1	2.31074	2.23849	2.25775
_R_PER16_SVMP_10::scaffold-mi1:14395528-14396031	720	729	NFATC1	-1	1.09109	0.47046	1.61022
_R_PER16_SVMP_10::scaffold-mi1:14395528-14396031	300	301	NFATC1_split1	-1	2.52713	2.54887	3.16772
_R_PER16_SVMP_10::scaffold-mi1:14395528-14396031	309	315	NFATC1_split2	-1	2.52713	2.54887	3.16772
_R_PER16_SVMP_10::scaffold-mi1:14395528-14396031	239	248	NFATC1	-1	2.26669	3.04640	2.65680
_R_PER16_SVMP_10::scaffold-mi1:14395528-14396031	217	226	NFATC1	-1	2.48065	1.82477	2.07660
_R_PER16_SVMP_10::scaffold-mi1:14395528-14396031	122	131	NFATC1	1	1.59613	0.68466	2.15555
_R_PER16_SVMP_10::scaffold-mi1:14395528-14396031	165	174	NFATC1	1	1.64220	1.59184	2.20750
_R_PER16_SVMP_10::scaffold-mi1:14395528-14396031	499	508	NFATC1	1	3.99240	3.13182	3.46354
_R_PER16_SVMP_10::scaffold-mi1:14395528-14396031	567	576	NFATC1	1	3.46977	2.67997	3.53328
_R_PER16_SVMP_10::scaffold-mi1:14395528-14396031	635	644	NFATC1	1	2.32694	1.33395	2.93944
_R_PER16_SVMP_10::scaffold-mi1:14395528-14396031	690	693	BARX2_split1	-1	1.17244	0.91765	1.61022
_R_PER16_SVMP_10::scaffold-mi1:14395528-14396031	695	701	BARX2_split2	-1	1.17244	0.91765	1.61022
_R_PER16_SVMP_10::scaffold-mi1:14395528-14396031	54	65	BARX2	-1	1.17938	0.76907	1.53132
_R_PER14_SVMP_7::scaffold-mi1:14276792-14277191	230	239	NFIA	1	1.39571	1.63542	2.29231
_R_PER14_SVMP_7::scaffold-mi1:14276792-14277191	335	345	FOS	-1	1.62616	1.49536	1.97674
_R_PER14_SVMP_7::scaffold-mi1:14276792-14277191	187	194	PITX2	1	1.05035	1.05013	1.52524
_R_PER14_SVMP_7::scaffold-mi1:14276792-14277191	186	191	Arid3a	-1	0.95169	1.05013	1.52524
_R_PER14_SVMP_7::scaffold-mi1:14276792-14277191	155	160	Arid3a	-1	0.66102	0.83308	1.42215
_R_PER14_SVMP_7::scaffold-mi1:14276792-14277191	308	313	Arid3a	1	1.62616	1.50888	2.06160
_R_PER14_SVMP_7::scaffold-mi1:14276792-14277191	336	341	Arid3a	1	1.62616	1.49613	1.97674
_R_PER14_SVMP_7::scaffold-mi1:14276792-14277191	291	301	ELF5	-1	1.49762	1.50888	1.89645
_R_PER14_SVMP_7::scaffold-mi1:14276792-14277191	216	226	ELF5	1	1.35917	1.31844	2.24206
_R_PER14_SVMP_7::scaffold-mi1:14276792-14277191	353	363	ELF5	1	1.17867	1.08978	1.59197
_R_PER14_SVMP_7::scaffold-mi1:14276792-14277191	405	415	ELF5	1	0.78268	0.66269	0.77548
_R_PER14_SVMP_7::scaffold-mi1:14276792-14277191	111	117	MEIS1	1	0.67659	0.82335	0.97593
_R_PER14_SVMP_7::scaffold-mi1:14276792-14277191	322	324	MEIS1_split1	1	1.62616	1.50888	2.06160
_R_PER14_SVMP_7::scaffold-mi1:14276792-14277191	329	331	MEIS1_split2	1	1.62616	1.50888	2.06160
_R_PER14_SVMP_7::scaffold-mi1:14276792-14277191	285	292	FOXO3	1	1.60447	1.36761	2.21161
_R_PER14_SVMP_7::scaffold-mi1:14276792-14277191	310	317	FOXO3	1	1.62616	1.50888	2.06160
_R_PER14_SVMP_7::scaffold-mi1:14276792-14277191	282	293	FOXC2	1	1.61078	1.40372	2.18077
_R_PER14_SVMP_7::scaffold-mi1:14276792-14277191	307	318	FOXC2	1	1.62616	1.50888	2.06160
_R_PER14_SVMP_7::scaffold-mi1:14276792-14277191	411	422	FOXC2	1	0.68046	0.66269	0.77343
_R_PER14_SVMP_7::scaffold-mi1:14276792-14277191	285	291	FOXO4	1	1.63399	1.34407	2.21589
_R_PER14_SVMP_7::scaffold-mi1:14276792-14277191	310	316	FOXO4	1	1.62616	1.50888	2.06160
_R_PER14_SVMP_7::scaffold-mi1:14276792-14277191	449	456	NR4A2	1	0.50565	0.44197	0.58065
_R_PER14_SVMP_7::scaffold-mi1:14276792-14277191	365	372	Bhlha15	-1	1.18547	0.96145	1.38130
_R_PER14_SVMP_7::scaffold-mi1:14276792-14277191	348	355	Bhlha15	-1	1.38433	1.31533	1.93729
_R_PER14_SVMP_7::scaffold-mi1:14276792-14277191	304	311	Bhlha15	1	1.62616	1.50888	2.06160
_R_PER14_SVMP_7::scaffold-mi1:14276792-14277191	348	355	Bhlha15	1	1.38433	1.31533	1.93729
_R_PER14_SVMP_7::scaffold-mi1:14276792-14277191	365	372	Bhlha15	1	1.18547	0.96145	1.38130
_R_PER14_SVMP_7::scaffold-mi1:14276792-14277191	421	429	SOX9	-1	0.54112	0.66269	0.77343
_R_PER14_SVMP_7::scaffold-mi1:14276792-14277191	199	207	SOX9	-1	1.21685	1.05013	1.52524
_R_PER14_SVMP_7::scaffold-mi1:14276792-14277191	245	253	SOX9	1	1.38227	1.63542	2.19902
_R_PER14_SVMP_7::scaffold-mi1:14276792-14277191	285	291	FOXI1	1	1.63399	1.34407	2.21589
_R_PER14_SVMP_7::scaffold-mi1:14276792-14277191	351	365	EHF	-1	1.20311	1.10848	1.62429
_R_PER14_SVMP_7::scaffold-mi1:14276792-14277191	289	303	EHF	1	1.52326	1.49071	1.96408
_R_PER14_SVMP_7::scaffold-mi1:14276792-14277191	254	262	NFIX	-1	1.57967	1.63542	2.22149
_R_PER14_SVMP_7::scaffold-mi1:14276792-14277191	249	257	NFIX	-1	1.39728	1.63542	2.19107
_R_PER14_SVMP_7::scaffold-mi1:14276792-14277191	223	231	NFIX	-1	1.39571	1.58223	2.29231
_R_PER14_SVMP_7::scaffold-mi1:14276792-14277191	140	148	NFIX	-1	0.63690	0.89525	0.98848
_R_PER14_SVMP_7::scaffold-mi1:14276792-14277191	230	238	NFIX	1	1.39571	1.63542	2.29231
_R_PER14_SVMP_7::scaffold-mi1:14276792-14277191	479	487	NFIX	1	0.35510	0.23301	0.48140
_R_PER14_SVMP_7::scaffold-mi1:14276792-14277191	446	455	RORA	1	0.51129	0.44296	0.58065
_R_PER14_SVMP_7::scaffold-mi1:14276792-14277191	406	415	NFATC1	-1	0.78003	0.66269	0.77525
_R_PER14_SVMP_7::scaffold-mi1:14276792-14277191	354	363	NFATC1	-1	1.17198	1.07757	1.55086
_R_PER14_SVMP_7::scaffold-mi1:14276792-14277191	259	268	NFATC1	-1	1.70379	1.63542	2.22149
_R_PER14_SVMP_7::scaffold-mi1:14276792-14277191	239	248	NFATC1	-1	1.39571	1.63542	2.24959
_R_PER14_SVMP_7::scaffold-mi1:14276792-14277191	217	226	NFATC1	-1	1.36588	1.35296	2.28964
_R_PER14_SVMP_7::scaffold-mi1:14276792-14277191	122	131	NFATC1	1	0.60090	0.89525	0.87340
_R_PER14_SVMP_7::scaffold-mi1:14276792-14277191	165	174	NFATC1	1	0.77496	1.03411	1.49454
_R_PER14_SVMP_7::scaffold-mi1:14276792-14277191	291	300	NFATC1	1	1.48334	1.50888	1.87810
_R_PER14_SVMP_7::scaffold-mi1:14276792-14277191	373	382	NFATC1	1	1.18547	0.78953	1.18608
