1	0.142857142857
2	0.142857142857
3	0.142857142857
4	0.142857142857
5	0.142857142857
6	0.142857142857
7	0.142857142857
8	0.285714285714
9	0.142857142857
10	0.285714285714
11	0.285714285714
12	0.142857142857
13	0.142857142857
14	0.142857142857
15	0.142857142857
16	0.142857142857
17	0.142857142857
18	0.142857142857
19	0.142857142857
20	0.142857142857
21	0.142857142857
22	0.142857142857
23	0.142857142857
24	0.142857142857
25	0.142857142857
26	0.142857142857
27	0.142857142857
28	0.142857142857
29	0.142857142857
30	0.142857142857
31	0.142857142857
32	0.142857142857
33	0.142857142857
34	0.142857142857
35	0.142857142857
36	0.142857142857
37	0.142857142857
38	0.142857142857
39	0.142857142857
40	0.142857142857
41	0.142857142857
42	0.142857142857
43	0.285714285714
44	0.285714285714
45	0.285714285714
46	0.285714285714
47	0.285714285714
48	0.285714285714
49	0.285714285714
50	0.285714285714
51	0.285714285714
52	0.285714285714
53	0.285714285714
54	0.285714285714
55	0.285714285714
56	0.285714285714
57	0.285714285714
58	0.285714285714
59	0.285714285714
60	0.285714285714
61	0.285714285714
62	0.285714285714
63	0.428571428571
64	0.285714285714
65	0.285714285714
66	0.285714285714
67	0.428571428571
68	0.428571428571
69	0.285714285714
70	0.428571428571
71	0.428571428571
72	0.285714285714
73	0.428571428571
74	0.428571428571
75	0.428571428571
76	0.428571428571
77	0.428571428571
78	0.571428571429
79	0.571428571429
80	0.571428571429
81	0.428571428571
82	0.571428571429
83	0.428571428571
84	0.571428571429
85	0.428571428571
86	0.571428571429
87	0.571428571429
88	0.571428571429
89	0.428571428571
90	0.571428571429
91	0.428571428571
92	0.571428571429
93	0.571428571429
94	0.571428571429
95	0.285714285714
96	0.714285714286
97	0.714285714286
98	0.714285714286
99	0.714285714286
100	0.714285714286
101	0.714285714286
102	0.571428571429
103	0.714285714286
104	0.714285714286
105	0.714285714286
106	0.714285714286
107	0.857142857143
108	0.571428571429
109	1.0
110	1.0
111	0.857142857143
112	1.0
113	0.857142857143
114	1.0
115	0.857142857143
116	1.0
117	1.0
118	0.857142857143
119	1.0
120	0.857142857143
121	0.571428571429
122	0.714285714286
123	0.857142857143
124	0.857142857143
125	0.714285714286
126	1.0
127	1.0
128	1.0
129	0.857142857143
130	0.857142857143
131	0.857142857143
132	0.857142857143
133	1.0
134	0.857142857143
135	1.0
136	0.857142857143
137	0.714285714286
138	0.857142857143
139	1.0
140	0.857142857143
141	1.0
142	1.0
143	1.0
144	1.0
145	1.0
146	0.857142857143
147	1.0
148	1.0
149	0.857142857143
150	0.857142857143
151	0.857142857143
152	0.857142857143
153	0.857142857143
154	1.0
155	1.0
156	1.0
157	1.0
158	0.857142857143
159	1.0
160	1.0
161	1.0
162	0.857142857143
163	0.857142857143
164	0.857142857143
165	1.0
166	1.0
167	0.857142857143
168	0.857142857143
169	0.857142857143
170	0.857142857143
171	0.857142857143
172	0.857142857143
173	0.857142857143
174	0.857142857143
175	0.857142857143
176	0.857142857143
177	0.857142857143
178	0.857142857143
179	0.857142857143
180	0.857142857143
181	1.0
182	1.0
183	0.857142857143
184	1.0
185	0.857142857143
186	0.857142857143
187	1.0
188	1.0
189	0.857142857143
190	0.857142857143
191	0.857142857143
192	0.857142857143
193	0.857142857143
194	0.857142857143
195	0.857142857143
196	0.714285714286
197	0.857142857143
198	0.857142857143
199	0.714285714286
200	0.857142857143
201	0.857142857143
202	0.857142857143
203	0.857142857143
204	0.857142857143
205	0.857142857143
206	0.857142857143
207	0.857142857143
208	0.857142857143
209	0.857142857143
210	0.857142857143
211	0.857142857143
212	0.857142857143
213	0.857142857143
214	0.571428571429
215	0.714285714286
216	0.857142857143
217	0.857142857143
218	0.857142857143
219	0.857142857143
220	0.714285714286
221	0.857142857143
222	0.857142857143
223	0.714285714286
224	0.714285714286
225	0.857142857143
226	0.857142857143
227	0.857142857143
228	0.857142857143
229	0.857142857143
230	0.857142857143
231	0.571428571429
232	0.857142857143
233	0.857142857143
234	0.857142857143
235	0.857142857143
236	0.857142857143
237	0.714285714286
238	0.857142857143
239	0.857142857143
240	0.857142857143
241	0.857142857143
242	0.857142857143
243	0.714285714286
244	0.857142857143
245	0.857142857143
246	0.857142857143
247	1.0
248	1.0
249	1.0
250	0.857142857143
251	1.0
252	1.0
253	0.714285714286
254	1.0
255	1.0
256	1.0
257	1.0
258	0.714285714286
259	0.857142857143
260	1.0
261	0.857142857143
262	0.857142857143
263	1.0
264	0.857142857143
265	0.714285714286
266	0.714285714286
267	0.857142857143
268	0.857142857143
269	1.0
270	0.857142857143
271	1.0
272	0.857142857143
273	0.857142857143
274	0.857142857143
275	1.0
276	1.0
277	0.857142857143
278	0.571428571429
279	0.714285714286
280	0.571428571429
281	0.857142857143
282	1.0
283	0.857142857143
284	1.0
285	0.857142857143
286	0.857142857143
287	0.857142857143
288	0.857142857143
289	0.857142857143
290	1.0
291	0.714285714286
292	0.857142857143
293	0.857142857143
294	0.857142857143
295	0.857142857143
296	1.0
297	0.857142857143
298	1.0
299	0.857142857143
300	0.857142857143
301	0.857142857143
302	0.857142857143
303	0.714285714286
304	0.714285714286
305	0.857142857143
306	0.857142857143
307	0.857142857143
308	0.857142857143
309	1.0
310	0.857142857143
311	0.714285714286
312	1.0
313	1.0
314	1.0
315	0.857142857143
316	0.857142857143
317	0.857142857143
318	0.571428571429
319	1.0
320	1.0
321	1.0
322	0.857142857143
323	0.857142857143
324	0.857142857143
325	0.142857142857
326	0.142857142857
327	0.142857142857
328	0.142857142857
329	1.0
330	0.857142857143
331	1.0
332	0.857142857143
333	1.0
334	1.0
335	1.0
336	1.0
337	1.0
338	0.857142857143
339	0.857142857143
340	1.0
341	1.0
342	1.0
343	0.857142857143
344	0.428571428571
345	0.714285714286
346	0.857142857143
347	0.857142857143
348	0.714285714286
349	0.571428571429
350	0.857142857143
351	0.571428571429
352	0.714285714286
353	0.571428571429
354	0.142857142857
355	0.142857142857
356	0.285714285714
357	0.142857142857
358	0.142857142857
359	0.285714285714
360	0.142857142857
361	0.142857142857
362	0.285714285714
363	0.142857142857
364	0.142857142857
365	0.285714285714
366	0.285714285714
367	0.285714285714
368	0.142857142857
369	0.285714285714
370	0.142857142857
371	0.142857142857
372	0.142857142857
373	0.142857142857
374	0.285714285714
375	0.285714285714
376	0.142857142857
377	0.142857142857
378	0.142857142857
379	0.142857142857
380	0.285714285714
381	0.285714285714
382	0.285714285714
383	0.142857142857
384	0.142857142857
385	0.285714285714
386	0.142857142857
387	0.142857142857
388	0.285714285714
389	0.142857142857
390	0.142857142857
391	0.142857142857
392	0.142857142857
393	0.285714285714
394	0.285714285714
395	0.285714285714
396	0.142857142857
397	0.142857142857
398	0.285714285714
399	0.142857142857
400	0.142857142857
401	0.142857142857
402	0.285714285714
403	0.285714285714
404	0.142857142857
405	0.285714285714
406	0.142857142857
407	0.142857142857
408	0.285714285714
409	0.142857142857
410	0.142857142857
411	0.142857142857
412	0.285714285714
413	0.285714285714
414	0.142857142857
415	0.285714285714
416	0.285714285714
417	0.285714285714
418	0.285714285714
419	0.142857142857
420	0.285714285714
421	0.142857142857
422	0.142857142857
423	0.142857142857
424	0.142857142857
425	0.142857142857
426	0.142857142857
427	0.142857142857
428	0.142857142857
429	0.142857142857
430	0.142857142857
431	0.142857142857
432	0.142857142857
433	0.142857142857
434	0.142857142857
435	0.142857142857
436	0.142857142857
437	0.142857142857
438	0.142857142857
439	0.142857142857
440	0.142857142857
441	0.142857142857
442	0.142857142857
443	0.142857142857
444	0.142857142857
445	0.142857142857
446	0.142857142857
447	0.142857142857
448	0.142857142857
449	0.142857142857
450	0.142857142857
451	0.142857142857
452	0.142857142857
453	0.142857142857
454	0.142857142857
455	0.142857142857
456	0.142857142857
457	0.142857142857
458	0.142857142857
459	0.142857142857
460	0.142857142857
461	0.142857142857
462	0.142857142857
463	0.142857142857
464	0.142857142857
465	0.142857142857
466	0.142857142857
467	0.142857142857
468	0.142857142857
469	0.142857142857
470	0.142857142857
471	0.142857142857
472	0.142857142857
473	0.142857142857
474	0.142857142857
475	0.142857142857
476	0.142857142857
477	0.142857142857
478	0.142857142857
479	0.142857142857
480	0.142857142857
481	0.142857142857
482	0.142857142857
483	0.142857142857
484	0.142857142857
485	0.142857142857
486	0.142857142857
487	0.142857142857
488	0.142857142857
489	0.142857142857
490	0.142857142857
491	0.142857142857
492	0.571428571429
493	0.714285714286
494	0.857142857143
495	0.428571428571
496	1.0
497	0.714285714286
498	0.571428571429
499	0.857142857143
500	0.714285714286
501	0.428571428571
502	0.428571428571
503	0.428571428571
504	0.571428571429
505	1.0
506	0.714285714286
507	0.714285714286
508	1.0
509	0.857142857143
510	1.0
511	1.0
512	0.857142857143
513	0.857142857143
514	0.857142857143
515	0.571428571429
516	0.857142857143
517	0.285714285714
518	0.285714285714
519	0.428571428571
520	0.428571428571
521	0.428571428571
522	0.428571428571
523	0.285714285714
524	0.428571428571
525	0.285714285714
526	0.428571428571
527	0.428571428571
528	0.428571428571
529	0.428571428571
530	0.428571428571
531	0.428571428571
532	0.428571428571
533	0.428571428571
534	0.285714285714
535	0.571428571429
536	0.571428571429
537	0.571428571429
538	0.571428571429
539	0.571428571429
540	0.571428571429
541	0.428571428571
542	0.571428571429
543	0.571428571429
544	0.714285714286
545	0.571428571429
546	0.571428571429
547	0.428571428571
548	0.428571428571
549	0.714285714286
550	0.714285714286
551	0.714285714286
552	0.571428571429
553	0.714285714286
554	0.714285714286
555	0.714285714286
556	0.714285714286
557	0.714285714286
558	0.714285714286
559	0.714285714286
560	0.714285714286
561	0.428571428571
562	0.714285714286
563	0.428571428571
564	0.714285714286
565	0.714285714286
566	0.714285714286
567	0.714285714286
568	0.714285714286
569	0.714285714286
570	0.714285714286
571	0.714285714286
572	0.571428571429
573	0.714285714286
574	0.714285714286
575	0.714285714286
576	0.714285714286
577	0.714285714286
578	0.714285714286
579	0.714285714286
580	0.714285714286
581	0.428571428571
582	0.714285714286
583	0.714285714286
584	0.428571428571
585	0.714285714286
586	0.714285714286
587	0.714285714286
588	0.714285714286
589	0.571428571429
590	0.571428571429
591	0.142857142857
592	0.714285714286
593	0.571428571429
594	0.714285714286
595	0.571428571429
596	0.571428571429
597	0.571428571429
598	0.571428571429
599	0.571428571429
600	0.571428571429
601	0.571428571429
602	0.571428571429
603	0.428571428571
604	0.571428571429
605	0.571428571429
606	0.571428571429
607	0.857142857143
608	0.714285714286
609	0.857142857143
610	0.857142857143
611	0.857142857143
612	0.714285714286
613	0.857142857143
614	0.714285714286
615	0.857142857143
616	0.714285714286
617	0.714285714286
618	0.714285714286
619	0.714285714286
620	0.571428571429
621	0.857142857143
622	0.857142857143
623	0.857142857143
624	0.857142857143
625	0.714285714286
626	0.714285714286
627	0.428571428571
628	0.714285714286
629	0.857142857143
630	0.714285714286
631	0.714285714286
632	0.714285714286
633	0.714285714286
634	0.714285714286
635	0.714285714286
636	0.714285714286
637	0.714285714286
638	0.571428571429
639	0.714285714286
640	0.714285714286
641	0.857142857143
642	0.857142857143
643	0.714285714286
644	0.714285714286
645	0.857142857143
646	0.857142857143
647	0.714285714286
648	0.714285714286
649	0.714285714286
650	0.714285714286
651	0.857142857143
652	0.714285714286
653	0.857142857143
654	0.714285714286
655	0.714285714286
656	0.714285714286
657	0.714285714286
658	0.714285714286
659	0.857142857143
660	0.428571428571
661	0.857142857143
662	0.714285714286
663	0.714285714286
664	0.142857142857
665	0.142857142857
666	0.142857142857
667	0.142857142857
668	0.142857142857
669	0.142857142857
670	0.142857142857
671	0.142857142857
672	0.142857142857
673	0.142857142857
674	0.142857142857
675	0.142857142857
676	0.142857142857
677	0.142857142857
678	0.142857142857
679	0.142857142857
680	0.142857142857
681	0.142857142857
682	0.714285714286
683	0.428571428571
684	0.285714285714
685	0.428571428571
686	0.428571428571
687	0.428571428571
688	0.285714285714
689	0.571428571429
690	0.428571428571
691	0.571428571429
692	0.428571428571
693	0.428571428571
694	0.285714285714
695	0.428571428571
696	0.714285714286
697	0.571428571429
698	0.714285714286
699	0.571428571429
700	0.571428571429
701	0.571428571429
702	0.571428571429
703	0.571428571429
704	0.571428571429
705	0.571428571429
706	0.571428571429
707	0.571428571429
708	0.714285714286
709	0.571428571429
710	0.714285714286
711	0.571428571429
712	0.571428571429
713	0.571428571429
714	0.571428571429
715	0.571428571429
716	0.428571428571
717	0.428571428571
718	0.571428571429
719	0.571428571429
720	0.571428571429
721	0.571428571429
722	0.571428571429
723	0.571428571429
724	0.428571428571
725	0.571428571429
726	0.571428571429
727	0.428571428571
728	0.428571428571
729	0.571428571429
730	0.571428571429
731	0.571428571429
732	0.428571428571
733	0.714285714286
734	0.714285714286
735	0.714285714286
736	0.571428571429
737	0.571428571429
738	0.571428571429
739	0.428571428571
740	0.428571428571
741	0.428571428571
742	0.428571428571
743	0.285714285714
744	0.571428571429
745	0.571428571429
746	0.428571428571
747	0.428571428571
748	0.428571428571
749	0.571428571429
750	0.428571428571
751	0.571428571429
752	0.571428571429
753	0.571428571429
754	0.285714285714
755	0.571428571429
756	0.428571428571
757	0.428571428571
758	0.428571428571
759	0.571428571429
760	0.571428571429
761	0.571428571429
762	0.571428571429
763	0.428571428571
764	0.428571428571
765	0.428571428571
766	0.285714285714
767	0.285714285714
768	0.428571428571
769	0.428571428571
770	0.285714285714
771	0.428571428571
772	0.428571428571
773	0.571428571429
774	0.571428571429
775	0.571428571429
776	0.428571428571
777	0.142857142857
778	0.142857142857
779	0.142857142857
780	0.142857142857
781	0.285714285714
782	0.428571428571
