1	0.285714285714
2	0.285714285714
3	0.285714285714
4	0.428571428571
5	0.285714285714
6	0.285714285714
7	0.285714285714
8	0.285714285714
9	0.428571428571
10	0.428571428571
11	0.285714285714
12	0.285714285714
13	0.285714285714
14	0.285714285714
15	0.285714285714
16	0.285714285714
17	0.285714285714
18	0.142857142857
19	0.142857142857
20	0.285714285714
21	0.285714285714
22	0.285714285714
23	0.285714285714
24	0.285714285714
25	0.285714285714
26	0.285714285714
27	0.285714285714
28	0.142857142857
29	0.142857142857
30	0.285714285714
31	0.285714285714
32	0.285714285714
33	0.285714285714
34	0.285714285714
35	0.285714285714
36	0.285714285714
37	0.285714285714
38	0.285714285714
39	0.285714285714
40	0.285714285714
41	0.285714285714
42	0.285714285714
43	0.285714285714
44	0.285714285714
45	0.285714285714
46	0.285714285714
47	0.285714285714
48	0.285714285714
49	0.142857142857
50	0.285714285714
51	0.285714285714
52	0.285714285714
53	0.285714285714
54	0.285714285714
55	0.285714285714
56	0.285714285714
57	0.285714285714
58	0.285714285714
59	0.285714285714
60	0.285714285714
61	0.285714285714
62	0.285714285714
63	0.285714285714
64	0.285714285714
65	0.285714285714
66	0.285714285714
67	0.285714285714
68	0.285714285714
69	0.285714285714
70	0.285714285714
71	0.285714285714
72	0.285714285714
73	0.285714285714
74	0.285714285714
75	0.285714285714
76	0.285714285714
77	0.285714285714
78	0.285714285714
79	0.285714285714
80	0.285714285714
81	0.285714285714
82	0.285714285714
83	0.285714285714
84	0.285714285714
85	0.285714285714
86	0.285714285714
87	0.285714285714
88	0.285714285714
89	0.285714285714
90	0.285714285714
91	0.285714285714
92	0.285714285714
93	0.285714285714
94	0.285714285714
95	0.285714285714
96	0.571428571429
97	0.428571428571
98	0.571428571429
99	0.571428571429
100	0.428571428571
101	0.142857142857
102	0.142857142857
103	0.142857142857
104	0.142857142857
105	0.142857142857
106	0.142857142857
107	0.142857142857
108	0.142857142857
109	0.142857142857
110	0.142857142857
111	0.142857142857
112	0.142857142857
113	0.142857142857
114	0.142857142857
115	0.142857142857
116	0.142857142857
117	0.142857142857
118	0.142857142857
119	0.142857142857
120	0.142857142857
121	0.142857142857
122	0.142857142857
123	0.142857142857
124	0.142857142857
125	0.142857142857
126	0.142857142857
127	0.142857142857
128	0.142857142857
129	0.142857142857
130	0.142857142857
131	0.142857142857
132	0.142857142857
133	0.142857142857
134	0.142857142857
135	0.142857142857
136	0.142857142857
137	0.142857142857
138	0.142857142857
139	0.142857142857
140	0.142857142857
141	0.142857142857
142	0.142857142857
143	0.142857142857
144	0.142857142857
145	0.142857142857
146	0.142857142857
147	0.142857142857
148	0.142857142857
149	0.142857142857
150	0.142857142857
151	0.142857142857
152	0.142857142857
153	0.142857142857
154	0.142857142857
155	0.142857142857
156	0.142857142857
157	0.142857142857
158	0.142857142857
159	0.142857142857
160	0.142857142857
161	0.142857142857
162	0.142857142857
163	0.142857142857
164	0.142857142857
165	0.142857142857
166	0.142857142857
167	0.142857142857
168	0.142857142857
169	0.142857142857
170	0.142857142857
171	0.142857142857
172	0.142857142857
173	0.142857142857
174	0.142857142857
175	0.142857142857
176	0.142857142857
177	0.142857142857
178	0.142857142857
179	0.142857142857
180	0.142857142857
181	0.142857142857
182	0.142857142857
183	0.142857142857
184	0.142857142857
185	0.142857142857
186	0.142857142857
187	0.142857142857
188	0.142857142857
189	0.714285714286
190	0.428571428571
191	0.571428571429
192	0.714285714286
193	0.571428571429
194	0.857142857143
195	0.714285714286
196	0.714285714286
197	0.714285714286
198	0.857142857143
199	0.428571428571
200	0.571428571429
201	0.714285714286
202	0.571428571429
203	0.571428571429
204	0.571428571429
205	0.714285714286
206	0.571428571429
207	0.571428571429
208	0.571428571429
209	0.285714285714
210	0.571428571429
211	0.571428571429
212	0.428571428571
213	0.571428571429
214	0.571428571429
215	0.571428571429
216	0.571428571429
217	0.571428571429
218	0.571428571429
219	0.571428571429
220	0.571428571429
221	0.571428571429
222	0.571428571429
223	0.428571428571
224	0.571428571429
225	0.571428571429
226	0.428571428571
227	0.428571428571
228	0.571428571429
229	0.571428571429
230	0.428571428571
231	0.571428571429
232	0.571428571429
233	0.571428571429
234	0.428571428571
235	0.714285714286
236	0.714285714286
237	0.714285714286
238	0.428571428571
239	0.571428571429
240	0.714285714286
241	0.571428571429
242	0.571428571429
243	0.714285714286
244	0.714285714286
245	0.571428571429
246	0.571428571429
247	0.714285714286
248	0.714285714286
249	0.571428571429
250	0.571428571429
251	0.428571428571
252	0.571428571429
253	0.428571428571
254	0.571428571429
255	0.571428571429
256	0.571428571429
257	0.571428571429
258	0.571428571429
259	0.571428571429
260	0.714285714286
261	0.714285714286
262	0.428571428571
263	0.571428571429
264	0.714285714286
265	0.714285714286
266	0.571428571429
267	0.714285714286
268	0.571428571429
269	0.571428571429
270	0.714285714286
271	0.285714285714
272	0.142857142857
273	0.428571428571
274	0.428571428571
275	0.428571428571
276	0.285714285714
277	0.428571428571
278	0.285714285714
279	0.428571428571
280	0.428571428571
281	0.285714285714
282	0.285714285714
283	0.285714285714
284	0.571428571429
285	0.142857142857
286	0.142857142857
287	0.142857142857
288	0.142857142857
289	0.142857142857
290	0.142857142857
291	0.142857142857
292	0.142857142857
293	0.142857142857
294	0.142857142857
295	0.142857142857
296	0.142857142857
297	0.142857142857
298	0.142857142857
299	0.142857142857
300	0.142857142857
301	0.142857142857
302	0.142857142857
303	0.714285714286
304	0.571428571429
305	0.714285714286
306	0.428571428571
307	0.142857142857
308	0.142857142857
309	0.857142857143
310	0.714285714286
311	0.857142857143
312	0.714285714286
313	0.714285714286
314	0.571428571429
315	0.714285714286
316	0.571428571429
317	0.857142857143
318	0.857142857143
319	0.857142857143
320	0.857142857143
321	0.714285714286
322	0.857142857143
323	0.857142857143
324	0.714285714286
325	0.857142857143
326	0.857142857143
327	0.857142857143
328	0.714285714286
329	0.714285714286
330	0.571428571429
331	0.714285714286
332	0.857142857143
333	0.714285714286
334	0.857142857143
335	0.857142857143
336	0.714285714286
337	0.714285714286
338	0.714285714286
339	0.714285714286
340	0.714285714286
341	0.428571428571
342	0.714285714286
343	0.571428571429
344	0.714285714286
345	0.714285714286
346	0.714285714286
347	0.857142857143
348	0.714285714286
349	0.857142857143
350	0.857142857143
351	0.714285714286
352	0.857142857143
353	0.714285714286
354	0.857142857143
355	0.857142857143
356	0.714285714286
357	0.857142857143
358	0.857142857143
359	0.714285714286
360	0.571428571429
361	0.714285714286
362	0.571428571429
363	0.571428571429
364	0.571428571429
365	0.428571428571
366	0.571428571429
367	0.571428571429
368	0.571428571429
369	0.571428571429
370	0.571428571429
371	0.571428571429
372	0.571428571429
373	0.571428571429
374	0.714285714286
375	0.571428571429
376	0.714285714286
377	0.142857142857
378	0.571428571429
379	0.571428571429
380	0.714285714286
381	0.714285714286
382	0.714285714286
383	0.714285714286
384	0.428571428571
385	0.714285714286
386	0.714285714286
387	0.428571428571
388	0.714285714286
389	0.714285714286
390	0.714285714286
391	0.714285714286
392	0.714285714286
393	0.714285714286
394	0.714285714286
395	0.714285714286
396	0.571428571429
397	0.714285714286
398	0.714285714286
399	0.714285714286
400	0.714285714286
401	0.714285714286
402	0.714285714286
403	0.714285714286
404	0.714285714286
405	0.428571428571
406	0.714285714286
407	0.428571428571
408	0.714285714286
409	0.714285714286
410	0.714285714286
411	0.714285714286
412	0.714285714286
413	0.714285714286
414	0.714285714286
415	0.714285714286
416	0.571428571429
417	0.714285714286
418	0.714285714286
419	0.714285714286
420	0.428571428571
421	0.428571428571
422	0.571428571429
423	0.571428571429
424	0.571428571429
425	0.571428571429
426	0.571428571429
427	0.428571428571
428	0.571428571429
429	0.571428571429
430	0.571428571429
431	0.571428571429
432	0.571428571429
433	0.571428571429
434	0.285714285714
435	0.428571428571
436	0.428571428571
437	0.428571428571
438	0.428571428571
439	0.428571428571
440	0.428571428571
441	0.428571428571
442	0.428571428571
443	0.285714285714
444	0.428571428571
445	0.285714285714
446	0.428571428571
447	0.571428571429
448	0.428571428571
449	0.571428571429
450	0.285714285714
451	0.428571428571
452	0.571428571429
453	0.571428571429
454	0.714285714286
455	0.714285714286
456	0.714285714286
457	0.571428571429
458	0.714285714286
459	0.857142857143
460	0.571428571429
461	0.571428571429
462	0.571428571429
463	0.571428571429
464	0.428571428571
465	0.714285714286
466	0.857142857143
467	0.571428571429
468	0.857142857143
469	0.857142857143
470	0.428571428571
471	0.857142857143
472	0.857142857143
473	0.428571428571
474	0.857142857143
475	0.714285714286
476	0.571428571429
477	0.714285714286
478	1.0
479	0.714285714286
480	0.857142857143
481	0.428571428571
482	0.714285714286
483	0.714285714286
484	1.0
485	0.714285714286
486	0.428571428571
487	0.142857142857
488	0.142857142857
489	0.142857142857
490	0.142857142857
491	0.142857142857
492	0.142857142857
493	0.142857142857
494	0.142857142857
495	0.142857142857
496	0.142857142857
497	0.142857142857
498	0.142857142857
499	0.142857142857
500	0.142857142857
501	0.142857142857
502	0.142857142857
503	0.142857142857
504	0.142857142857
505	0.142857142857
506	0.142857142857
507	0.142857142857
508	0.142857142857
509	0.142857142857
510	0.142857142857
511	0.142857142857
512	0.142857142857
513	0.142857142857
514	0.142857142857
515	0.142857142857
516	0.142857142857
517	0.142857142857
518	0.142857142857
519	0.142857142857
520	0.142857142857
521	0.142857142857
522	0.142857142857
523	0.142857142857
524	0.142857142857
525	0.142857142857
526	0.142857142857
527	0.142857142857
528	0.142857142857
529	0.142857142857
530	0.142857142857
531	0.142857142857
532	0.142857142857
533	0.142857142857
534	0.142857142857
535	0.142857142857
536	0.142857142857
537	0.142857142857
538	0.142857142857
539	0.142857142857
540	0.142857142857
541	0.142857142857
542	0.142857142857
543	0.142857142857
544	0.142857142857
545	0.142857142857
546	0.285714285714
547	0.285714285714
548	0.142857142857
549	0.142857142857
550	0.285714285714
551	0.142857142857
552	0.285714285714
553	0.285714285714
554	0.142857142857
555	0.142857142857
556	0.142857142857
557	0.142857142857
558	0.142857142857
559	0.142857142857
560	0.142857142857
561	0.285714285714
562	0.142857142857
563	1.0
564	0.857142857143
565	0.857142857143
566	1.0
567	0.857142857143
568	1.0
569	1.0
570	1.0
571	1.0
572	0.857142857143
573	0.857142857143
574	0.857142857143
575	1.0
576	0.857142857143
577	1.0
578	0.857142857143
579	1.0
580	0.857142857143
581	0.857142857143
582	0.857142857143
583	0.857142857143
584	0.714285714286
585	0.857142857143
586	0.857142857143
587	0.857142857143
588	1.0
589	0.857142857143
590	1.0
591	0.714285714286
592	1.0
593	1.0
594	0.714285714286
595	0.857142857143
596	0.857142857143
597	0.714285714286
598	0.714285714286
599	0.857142857143
600	0.857142857143
601	0.857142857143
602	0.857142857143
603	0.857142857143
604	0.857142857143
605	0.857142857143
606	0.857142857143
607	1.0
608	0.857142857143
609	0.857142857143
610	1.0
611	0.857142857143
612	0.857142857143
613	1.0
614	1.0
615	0.857142857143
616	1.0
617	0.857142857143
618	1.0
619	0.857142857143
620	1.0
621	0.857142857143
622	0.571428571429
623	0.714285714286
624	0.571428571429
625	0.857142857143
626	0.857142857143
627	1.0
628	0.857142857143
629	0.857142857143
630	0.857142857143
631	0.857142857143
632	0.857142857143
633	1.0
634	0.857142857143
635	0.857142857143
636	0.714285714286
637	0.714285714286
638	1.0
639	1.0
640	0.714285714286
641	1.0
642	1.0
643	1.0
644	0.857142857143
645	1.0
646	0.857142857143
647	0.857142857143
648	0.857142857143
649	0.714285714286
650	0.857142857143
651	0.857142857143
652	0.857142857143
653	0.857142857143
654	1.0
655	1.0
656	0.857142857143
657	0.857142857143
658	1.0
659	0.857142857143
660	1.0
661	0.857142857143
662	1.0
663	1.0
664	1.0
665	0.714285714286
666	0.857142857143
667	0.857142857143
668	0.857142857143
669	0.857142857143
670	0.857142857143
671	0.571428571429
672	0.857142857143
673	1.0
674	1.0
675	0.857142857143
676	1.0
677	1.0
678	0.714285714286
679	0.714285714286
680	1.0
681	0.857142857143
682	0.857142857143
683	1.0
684	1.0
685	0.857142857143
686	1.0
687	0.857142857143
688	0.714285714286
689	0.857142857143
690	1.0
691	1.0
692	1.0
693	1.0
694	0.857142857143
695	0.857142857143
696	0.857142857143
697	0.857142857143
698	0.857142857143
699	1.0
700	0.857142857143
701	0.857142857143
702	0.857142857143
703	0.714285714286
704	0.857142857143
705	0.857142857143
706	0.714285714286
707	0.857142857143
708	0.857142857143
709	0.857142857143
710	0.857142857143
711	0.857142857143
712	0.857142857143
713	0.857142857143
714	0.857142857143
715	1.0
716	0.857142857143
717	0.857142857143
718	1.0
719	1.0
720	1.0
721	0.857142857143
722	1.0
723	1.0
724	1.0
725	0.857142857143
726	0.857142857143
727	1.0
728	0.857142857143
729	0.857142857143
730	0.857142857143
731	0.857142857143
732	0.857142857143
733	0.857142857143
734	1.0
735	1.0
736	0.857142857143
737	0.857142857143
738	0.714285714286
739	1.0
740	0.857142857143
741	0.857142857143
742	1.0
743	1.0
744	0.857142857143
745	1.0
746	0.857142857143
747	1.0
748	0.857142857143
749	1.0
750	0.857142857143
751	1.0
752	0.857142857143
753	1.0
754	0.857142857143
755	0.857142857143
756	0.857142857143
757	0.857142857143
758	1.0
759	0.857142857143
760	0.857142857143
761	0.857142857143
762	0.857142857143
763	0.857142857143
764	1.0
765	0.857142857143
766	0.857142857143
767	1.0
768	1.0
769	1.0
770	0.857142857143
771	1.0
772	1.0
773	0.714285714286
774	0.142857142857
775	0.142857142857
776	0.142857142857
777	0.142857142857
778	0.142857142857
779	0.142857142857
780	0.142857142857
781	0.142857142857
782	1.0
783	1.0
784	0.857142857143
785	0.857142857143
786	0.857142857143
787	0.857142857143
788	0.857142857143
789	0.714285714286
790	1.0
791	1.0
792	0.857142857143
793	0.857142857143
794	1.0
795	0.857142857143
796	0.142857142857
797	0.142857142857
798	0.142857142857
799	0.142857142857
800	0.142857142857
801	0.142857142857
802	0.142857142857
803	0.142857142857
804	0.142857142857
805	0.142857142857
806	0.142857142857
807	0.142857142857
808	0.142857142857
809	0.142857142857
810	0.142857142857
811	0.142857142857
812	0.857142857143
813	1.0
814	1.0
815	1.0
816	1.0
817	0.857142857143
818	0.714285714286
819	0.857142857143
820	0.857142857143
821	1.0
822	1.0
823	0.857142857143
824	0.857142857143
825	1.0
826	1.0
827	1.0
828	0.857142857143
829	1.0
830	0.857142857143
831	0.714285714286
832	0.142857142857
833	0.142857142857
834	0.142857142857
835	0.142857142857
836	0.142857142857
837	0.142857142857
838	0.142857142857
839	0.142857142857
840	1.0
841	0.857142857143
842	1.0
843	0.714285714286
844	1.0
845	0.857142857143
846	1.0
847	0.857142857143
848	0.857142857143
849	0.571428571429
850	0.142857142857
851	0.142857142857
852	0.142857142857
853	0.142857142857
854	0.142857142857
855	0.142857142857
856	0.142857142857
857	0.142857142857
858	0.142857142857
859	0.142857142857
860	0.142857142857
861	0.142857142857
862	0.142857142857
863	0.142857142857
864	0.142857142857
865	0.142857142857
866	0.142857142857
867	0.857142857143
868	0.857142857143
869	1.0
870	0.857142857143
871	1.0
872	0.714285714286
873	0.857142857143
874	0.714285714286
875	1.0
876	0.857142857143
877	0.857142857143
878	1.0
879	0.714285714286
880	0.857142857143
881	0.857142857143
882	1.0
883	0.857142857143
884	0.857142857143
885	1.0
886	0.857142857143
887	0.571428571429
888	0.571428571429
889	1.0
890	1.0
891	1.0
892	0.857142857143
893	0.857142857143
894	0.857142857143
895	0.714285714286
896	0.857142857143
897	0.571428571429
898	0.571428571429
899	0.571428571429
900	0.571428571429
901	0.571428571429
902	0.571428571429
903	0.714285714286
904	0.428571428571
905	0.571428571429
906	0.714285714286
907	0.714285714286
908	0.571428571429
909	0.571428571429
910	0.285714285714
911	0.428571428571
912	0.285714285714
913	0.571428571429
914	0.428571428571
915	0.571428571429
916	0.571428571429
917	0.428571428571
918	0.285714285714
919	0.428571428571
920	0.428571428571
921	0.428571428571
922	0.428571428571
923	0.428571428571
924	0.285714285714
925	0.428571428571
926	0.571428571429
927	0.428571428571
928	0.428571428571
929	0.571428571429
930	0.428571428571
931	0.428571428571
932	0.571428571429
933	0.571428571429
934	0.428571428571
935	0.285714285714
936	0.428571428571
937	0.428571428571
938	0.428571428571
939	0.428571428571
940	0.571428571429
941	0.571428571429
942	0.571428571429
943	0.428571428571
944	0.285714285714
945	0.428571428571
946	0.571428571429
947	0.285714285714
948	0.428571428571
949	0.285714285714
950	0.285714285714
951	0.285714285714
952	0.285714285714
953	0.285714285714
954	0.285714285714
955	0.428571428571
956	0.285714285714
957	0.285714285714
958	0.285714285714
959	0.285714285714
960	0.285714285714
961	0.285714285714
962	0.285714285714
963	0.285714285714
964	0.428571428571
965	0.285714285714
966	0.428571428571
967	0.285714285714
968	0.428571428571
969	0.285714285714
970	0.285714285714
971	0.285714285714
972	0.285714285714
973	0.285714285714
974	0.285714285714
975	0.285714285714
976	0.285714285714
977	0.285714285714
978	0.428571428571
979	0.285714285714
980	0.428571428571
981	0.142857142857
982	0.285714285714
983	0.428571428571
984	0.285714285714
985	0.285714285714
986	0.142857142857
987	0.142857142857
988	0.142857142857
989	0.142857142857
990	0.142857142857
991	0.142857142857
992	0.142857142857
993	0.142857142857
994	0.142857142857
995	0.142857142857
996	0.142857142857
997	0.142857142857
998	0.142857142857
999	0.142857142857
1000	0.571428571429
