PER9_SVMP_5::scaffold-mi1:14193627-14194151	159	167	NFIX	1	3.16147	1.03041	2.99627
PER9_SVMP_5::scaffold-mi1:14193627-14194151	378	386	NFIX	1	2.26625	1.38184	2.69532
PER9_SVMP_5::scaffold-mi1:14193627-14194151	409	417	NFIX	1	2.26625	1.52131	2.66472
PER9_SVMP_5::scaffold-mi1:14193627-14194151	492	500	NFIX	1	1.20023	0.78879	1.27398
PER9_SVMP_5::scaffold-mi1:14193627-14194151	402	410	NFIX	-1	2.26625	1.52131	2.66472
PER9_SVMP_5::scaffold-mi1:14193627-14194151	53	62	NFATC1	1	2.07064	0.49965	1.63245
PER9_SVMP_5::scaffold-mi1:14193627-14194151	372	381	NFATC1	1	2.26625	1.34654	2.73713
PER9_SVMP_5::scaffold-mi1:14193627-14194151	414	423	NFATC1	1	2.21198	1.49167	2.65682
PER9_SVMP_5::scaffold-mi1:14193627-14194151	466	475	NFATC1	-1	1.75156	1.32329	2.08439
PER9_SVMP_5::scaffold-mi1:14193627-14194151	340	349	NFATC1	-1	2.81585	1.11312	4.49196
PER9_SVMP_5::scaffold-mi1:14193627-14194151	194	203	NFATC1	-1	3.47267	1.42269	4.56561
PER9_SVMP_5::scaffold-mi1:14193627-14194151	138	147	NFATC1	-1	3.45742	0.78724	3.70946
PER9_SVMP_5::scaffold-mi1:14193627-14194151	446	453	PITX2	-1	1.79030	1.32329	2.12889
PER9_SVMP_5::scaffold-mi1:14193627-14194151	245	245	PITX2_split1	-1	3.40491	1.42958	6.04372
PER9_SVMP_5::scaffold-mi1:14193627-14194151	263	268	PITX2_split2	-1	3.40491	1.42958	6.04372
PER9_SVMP_5::scaffold-mi1:14193627-14194151	137	147	ELF5	1	3.45742	0.78724	3.70946
PER9_SVMP_5::scaffold-mi1:14193627-14194151	339	349	ELF5	1	2.81585	1.12417	4.50980
PER9_SVMP_5::scaffold-mi1:14193627-14194151	414	424	ELF5	-1	2.19607	1.45092	2.61671
PER9_SVMP_5::scaffold-mi1:14193627-14194151	53	63	ELF5	-1	2.07064	0.49965	1.63861
PER9_SVMP_5::scaffold-mi1:14193627-14194151	519	528	RORA	-1	0.87166	0.76642	1.21399
PER9_SVMP_5::scaffold-mi1:14193627-14194151	349	355	FOXO4	-1	2.81585	0.91967	3.74601
PER9_SVMP_5::scaffold-mi1:14193627-14194151	324	330	FOXO4	-1	2.81585	1.22364	4.67031
PER9_SVMP_5::scaffold-mi1:14193627-14194151	186	191	FOXO4_split1	-1	3.47267	1.27295	4.38416
PER9_SVMP_5::scaffold-mi1:14193627-14194151	347	358	FOXC2	-1	2.81585	0.96042	3.72108
PER9_SVMP_5::scaffold-mi1:14193627-14194151	322	333	FOXC2	-1	2.81585	1.22364	4.67031
PER9_SVMP_5::scaffold-mi1:14193627-14194151	265	270	Arid3a	1	3.40491	1.42958	6.04372
PER9_SVMP_5::scaffold-mi1:14193627-14194151	449	454	Arid3a	1	1.79030	1.32329	2.12415
PER9_SVMP_5::scaffold-mi1:14193627-14194151	480	485	Arid3a	1	1.56334	1.17011	1.92681
PER9_SVMP_5::scaffold-mi1:14193627-14194151	327	332	Arid3a	-1	2.81585	1.22364	4.67031
PER9_SVMP_5::scaffold-mi1:14193627-14194151	303	308	Arid3a	-1	3.40491	1.25985	6.04372
PER9_SVMP_5::scaffold-mi1:14193627-14194151	296	301	Arid3a	-1	3.40491	1.42958	6.04372
PER9_SVMP_5::scaffold-mi1:14193627-14194151	292	297	Arid3a	-1	3.40491	1.42958	6.04372
PER9_SVMP_5::scaffold-mi1:14193627-14194151	265	270	Arid3a	-1	3.40491	1.42958	6.04372
PER9_SVMP_5::scaffold-mi1:14193627-14194151	173	178	Arid3a	-1	3.47011	1.24845	4.19161
PER9_SVMP_5::scaffold-mi1:14193627-14194151	145	150	Arid3a	-1	3.45742	0.79070	3.70946
PER9_SVMP_5::scaffold-mi1:14193627-14194151	25	32	Bhlha15	1	1.63837	0.35304	0.89193
PER9_SVMP_5::scaffold-mi1:14193627-14194151	329	336	Bhlha15	-1	2.81585	1.22364	4.67031
PER9_SVMP_5::scaffold-mi1:14193627-14194151	25	32	Bhlha15	-1	1.63837	0.35304	0.89193
PER9_SVMP_5::scaffold-mi1:14193627-14194151	241	245	BARX2_split1	1	3.40491	1.42958	6.04372
PER9_SVMP_5::scaffold-mi1:14193627-14194151	263	268	BARX2_split2	1	3.40491	1.42958	6.04372
PER9_SVMP_5::scaffold-mi1:14193627-14194151	433	441	SOX9	1	1.65862	1.32329	2.12889
PER9_SVMP_5::scaffold-mi1:14193627-14194151	387	395	SOX9	-1	2.26625	1.51467	2.69532
PER9_SVMP_5::scaffold-mi1:14193627-14194151	348	355	FOXO3	-1	2.81585	0.91954	3.78596
PER9_SVMP_5::scaffold-mi1:14193627-14194151	323	330	FOXO3	-1	2.81585	1.22364	4.67031
PER9_SVMP_5::scaffold-mi1:14193627-14194151	378	387	NFIA	1	2.26625	1.39167	2.69532
PER9_SVMP_5::scaffold-mi1:14193627-14194151	69	80	ZNF652	-1	2.07064	0.49965	1.72285
PER9_SVMP_5::scaffold-mi1:14193627-14194151	157	166	SREBF1	1	3.22444	0.98014	3.03641
PER9_SVMP_5::scaffold-mi1:14193627-14194151	518	525	NR4A2	-1	0.87516	0.77624	1.15653
PER9_SVMP_5::scaffold-mi1:14193627-14194151	349	355	FOXI1	-1	2.81585	0.91967	3.74601
PER9_SVMP_5::scaffold-mi1:14193627-14194151	186	191	FOXI1_split1	-1	3.47267	1.27295	4.38416
PER9_SVMP_5::scaffold-mi1:14193627-14194151	157	166	SREBF2	-1	3.22444	0.98014	3.03641
PER9_SVMP_5::scaffold-mi1:14193627-14194151	100	106	MEIS1	1	2.28521	0.56365	2.36358
PER9_SVMP_5::scaffold-mi1:14193627-14194151	280	286	MEIS1	1	3.40491	1.42958	6.04372
PER9_SVMP_5::scaffold-mi1:14193627-14194151	523	529	MEIS1	-1	0.86658	0.75156	1.24430
PER9_SVMP_5::scaffold-mi1:14193627-14194151	384	390	MEIS1	-1	2.26625	1.47832	2.69532
PER9_SVMP_5::scaffold-mi1:14193627-14194151	312	318	MEIS1	-1	2.91537	1.22364	4.07621
PER9_SVMP_5::scaffold-mi1:14193627-14194151	51	65	EHF	1	2.07064	0.49832	1.63861
PER9_SVMP_5::scaffold-mi1:14193627-14194151	337	351	EHF	-1	2.81585	1.10857	4.46167
PER9_SVMP_5::scaffold-mi1:14193627-14194151	135	149	EHF	-1	3.45742	0.78786	3.70946
PER9_SVMP_5::scaffold-mi1:14193627-14194151	28	38	FOS	1	1.62708	0.35289	0.87597
PER9_SVMP_5::scaffold-mi1:14193627-14194151	292	302	FOS	1	3.40491	1.42941	6.04372
PER9_SVMP_5::scaffold-mi1:14193627-14194151	299	309	FOS	1	3.40491	1.32372	5.94514
PER9_SVMP_5::scaffold-mi1:14193627-14194151	28	38	FOS	-1	1.62708	0.35289	0.87597
PER11_SVMP_5::scaffold-mi1:14203264-14203870	280	286	MEIS1	1	4.19614	1.89242	5.05412
PER11_SVMP_5::scaffold-mi1:14203264-14203870	594	600	MEIS1	-1	1.25653	0.72874	1.16453
PER11_SVMP_5::scaffold-mi1:14203264-14203870	523	529	MEIS1	-1	1.70783	1.00207	1.59209
PER11_SVMP_5::scaffold-mi1:14203264-14203870	384	390	MEIS1	-1	2.90593	1.75175	4.54490
PER11_SVMP_5::scaffold-mi1:14203264-14203870	312	318	MEIS1	-1	2.83022	1.60011	3.91985
PER11_SVMP_5::scaffold-mi1:14203264-14203870	255	261	MEIS1	-1	4.85935	2.63293	5.50720
PER11_SVMP_5::scaffold-mi1:14203264-14203870	449	454	Arid3a	1	2.39263	1.43517	4.55122
PER11_SVMP_5::scaffold-mi1:14203264-14203870	480	485	Arid3a	1	2.11574	1.08288	3.94538
PER11_SVMP_5::scaffold-mi1:14203264-14203870	327	332	Arid3a	-1	2.83591	1.60011	4.03314
PER11_SVMP_5::scaffold-mi1:14203264-14203870	303	308	Arid3a	-1	2.74199	1.27997	4.28694
PER11_SVMP_5::scaffold-mi1:14203264-14203870	296	301	Arid3a	-1	3.27808	1.54464	4.71691
PER11_SVMP_5::scaffold-mi1:14203264-14203870	292	297	Arid3a	-1	3.76234	1.79254	4.71691
PER11_SVMP_5::scaffold-mi1:14203264-14203870	145	150	Arid3a	-1	3.56512	1.13700	4.74112
PER11_SVMP_5::scaffold-mi1:14203264-14203870	88	93	Arid3a	-1	1.80416	0.73584	3.00876
PER11_SVMP_5::scaffold-mi1:14203264-14203870	61	66	Arid3a	-1	1.00558	0.28740	2.01895
PER11_SVMP_5::scaffold-mi1:14203264-14203870	137	147	ELF5	1	3.41621	1.08424	4.74112
PER11_SVMP_5::scaffold-mi1:14203264-14203870	191	191	ELF5_split1	1	5.24542	1.80193	6.89379
PER11_SVMP_5::scaffold-mi1:14203264-14203870	193	201	ELF5_split2	1	5.24542	1.80193	6.89379
PER11_SVMP_5::scaffold-mi1:14203264-14203870	339	349	ELF5	1	2.63365	1.55587	3.76047
PER11_SVMP_5::scaffold-mi1:14203264-14203870	414	424	ELF5	-1	2.34802	1.30159	4.44812
PER11_SVMP_5::scaffold-mi1:14203264-14203870	173	176	ELF5_split1	-1	4.37379	1.76477	5.62046
PER11_SVMP_5::scaffold-mi1:14203264-14203870	185	190	ELF5_split2	-1	4.37379	1.76477	5.62046
PER11_SVMP_5::scaffold-mi1:14203264-14203870	53	63	ELF5	-1	0.98730	0.28647	1.83817
PER11_SVMP_5::scaffold-mi1:14203264-14203870	446	453	PITX2	-1	2.40244	1.43911	4.56431
PER11_SVMP_5::scaffold-mi1:14203264-14203870	82	93	ZNF652	1	1.67393	0.66993	2.94004
PER11_SVMP_5::scaffold-mi1:14203264-14203870	69	80	ZNF652	-1	1.08850	0.42540	2.06594
PER11_SVMP_5::scaffold-mi1:14203264-14203870	28	38	FOS	1	0.86504	0.25093	1.78307
PER11_SVMP_5::scaffold-mi1:14203264-14203870	252	262	FOS	1	4.93183	2.69967	5.51537
PER11_SVMP_5::scaffold-mi1:14203264-14203870	299	309	FOS	1	2.86193	1.29411	4.41596
PER11_SVMP_5::scaffold-mi1:14203264-14203870	252	262	FOS	-1	4.93183	2.69967	5.51537
PER11_SVMP_5::scaffold-mi1:14203264-14203870	28	38	FOS	-1	0.86504	0.25093	1.78307
PER11_SVMP_5::scaffold-mi1:14203264-14203870	348	355	FOXO3	-1	2.31155	1.52437	3.69487
PER11_SVMP_5::scaffold-mi1:14203264-14203870	323	330	FOXO3	-1	2.83591	1.60011	4.03314
PER11_SVMP_5::scaffold-mi1:14203264-14203870	51	65	EHF	1	0.98727	0.28647	1.82970
PER11_SVMP_5::scaffold-mi1:14203264-14203870	337	351	EHF	-1	2.59484	1.55360	3.76180
PER11_SVMP_5::scaffold-mi1:14203264-14203870	135	149	EHF	-1	3.40968	1.09318	4.74112
PER11_SVMP_5::scaffold-mi1:14203264-14203870	25	32	Bhlha15	1	0.88329	0.25110	1.76391
PER11_SVMP_5::scaffold-mi1:14203264-14203870	329	336	Bhlha15	-1	2.83591	1.60011	4.03314
PER11_SVMP_5::scaffold-mi1:14203264-14203870	25	32	Bhlha15	-1	0.88329	0.25110	1.76391
PER11_SVMP_5::scaffold-mi1:14203264-14203870	53	62	NFATC1	1	0.98532	0.28647	1.81808
PER11_SVMP_5::scaffold-mi1:14203264-14203870	173	176	NFATC1_split1	1	4.34656	1.76338	5.47898
PER11_SVMP_5::scaffold-mi1:14203264-14203870	185	189	NFATC1_split2	1	4.34656	1.76338	5.47898
PER11_SVMP_5::scaffold-mi1:14203264-14203870	372	381	NFATC1	1	2.90593	1.75175	4.53866
PER11_SVMP_5::scaffold-mi1:14203264-14203870	392	401	NFATC1	1	2.90593	1.65383	4.54490
PER11_SVMP_5::scaffold-mi1:14203264-14203870	414	423	NFATC1	1	2.38326	1.31687	4.53064
PER11_SVMP_5::scaffold-mi1:14203264-14203870	509	518	NFATC1	-1	1.86183	1.04762	1.77356
PER11_SVMP_5::scaffold-mi1:14203264-14203870	466	475	NFATC1	-1	2.28738	1.36370	4.21413
PER11_SVMP_5::scaffold-mi1:14203264-14203870	340	349	NFATC1	-1	2.61118	1.55095	3.73017
PER11_SVMP_5::scaffold-mi1:14203264-14203870	193	202	NFATC1	-1	5.27383	1.80466	6.89379
PER11_SVMP_5::scaffold-mi1:14203264-14203870	138	147	NFATC1	-1	3.42938	1.08476	4.74112
PER11_SVMP_5::scaffold-mi1:14203264-14203870	378	387	NFIA	1	2.90593	1.75175	4.54213
PER11_SVMP_5::scaffold-mi1:14203264-14203870	378	386	NFIX	1	2.90593	1.75175	4.54178
PER11_SVMP_5::scaffold-mi1:14203264-14203870	409	417	NFIX	1	2.56647	1.40540	4.54490
PER11_SVMP_5::scaffold-mi1:14203264-14203870	492	500	NFIX	1	1.82082	1.01269	2.24411
PER11_SVMP_5::scaffold-mi1:14203264-14203870	402	410	NFIX	-1	2.78899	1.40540	4.54490
PER11_SVMP_5::scaffold-mi1:14203264-14203870	262	269	NR4A2	1	4.46670	2.15923	5.34381
PER11_SVMP_5::scaffold-mi1:14203264-14203870	518	525	NR4A2	-1	1.62840	1.04762	1.68311
PER11_SVMP_5::scaffold-mi1:14203264-14203870	157	166	SREBF1	1	3.87274	1.20260	4.74112
PER11_SVMP_5::scaffold-mi1:14203264-14203870	349	355	FOXI1	-1	2.31956	1.52649	3.75019
PER11_SVMP_5::scaffold-mi1:14203264-14203870	157	166	SREBF2	-1	3.87274	1.20260	4.74112
PER11_SVMP_5::scaffold-mi1:14203264-14203870	81	92	BARX2	1	1.59710	0.63965	2.87026
PER11_SVMP_5::scaffold-mi1:14203264-14203870	575	586	BARX2	1	1.83121	0.97044	2.09380
PER11_SVMP_5::scaffold-mi1:14203264-14203870	349	355	FOXO4	-1	2.31956	1.52649	3.75019
PER11_SVMP_5::scaffold-mi1:14203264-14203870	324	330	FOXO4	-1	2.83591	1.60011	4.03314
PER11_SVMP_5::scaffold-mi1:14203264-14203870	262	273	FOXC2	1	4.46073	2.08314	5.34381
PER11_SVMP_5::scaffold-mi1:14203264-14203870	347	358	FOXC2	-1	2.46603	1.57011	3.83057
PER11_SVMP_5::scaffold-mi1:14203264-14203870	322	333	FOXC2	-1	2.83591	1.60011	4.03314
PER11_SVMP_5::scaffold-mi1:14203264-14203870	293	304	FOXC2	-1	3.31613	1.51962	4.71691
PER11_SVMP_5::scaffold-mi1:14203264-14203870	433	441	SOX9	1	2.40244	1.43911	4.56431
PER11_SVMP_5::scaffold-mi1:14203264-14203870	558	566	SOX9	1	2.08348	0.97044	2.09380
PER11_SVMP_5::scaffold-mi1:14203264-14203870	591	599	SOX9	1	1.37611	0.82226	1.32169
PER11_SVMP_5::scaffold-mi1:14203264-14203870	387	395	SOX9	-1	2.90593	1.75175	4.54490
PER11_SVMP_5::scaffold-mi1:14203264-14203870	264	272	SOX9	-1	4.45841	2.05066	5.34381
PER11_SVMP_5::scaffold-mi1:14203264-14203870	259	268	RORA	1	4.52266	2.26561	5.34381
PER11_SVMP_5::scaffold-mi1:14203264-14203870	519	528	RORA	-1	1.64032	1.02690	1.63837
PER14_SVMP_8::scaffold-mi1:14304569-14305089	259	268	RORA	1	4.27910	2.82063	3.16848
PER14_SVMP_8::scaffold-mi1:14304569-14305089	409	417	NFIX	1	1.88957	1.79271	1.58594
PER14_SVMP_8::scaffold-mi1:14304569-14305089	492	500	NFIX	1	0.89666	0.76429	1.18754
PER14_SVMP_8::scaffold-mi1:14304569-14305089	402	410	NFIX	-1	2.29400	1.79271	1.83040
PER14_SVMP_8::scaffold-mi1:14304569-14305089	370	378	NFIX	-1	2.96489	2.47927	2.01885
PER14_SVMP_8::scaffold-mi1:14304569-14305089	11	21	SOX10	-1	1.16538	0.39326	0.54793
PER14_SVMP_8::scaffold-mi1:14304569-14305089	262	273	FOXC2	1	4.10557	2.82063	3.26711
PER14_SVMP_8::scaffold-mi1:14304569-14305089	347	358	FOXC2	-1	2.79549	3.13431	2.15679
PER14_SVMP_8::scaffold-mi1:14304569-14305089	322	333	FOXC2	-1	3.61379	3.23296	3.01642
PER14_SVMP_8::scaffold-mi1:14304569-14305089	293	304	FOXC2	-1	3.45602	2.82063	3.18488
PER14_SVMP_8::scaffold-mi1:14304569-14305089	52	63	FOXC2	-1	1.12690	0.65640	0.65857
PER14_SVMP_8::scaffold-mi1:14304569-14305089	28	38	FOS	1	1.18311	0.53661	0.54871
PER14_SVMP_8::scaffold-mi1:14304569-14305089	299	309	FOS	1	3.61379	2.79634	2.99733
PER14_SVMP_8::scaffold-mi1:14304569-14305089	28	38	FOS	-1	1.18311	0.53661	0.54871
PER14_SVMP_8::scaffold-mi1:14304569-14305089	80	87	BARX2_split1	1	2.26669	0.86119	1.56413
PER14_SVMP_8::scaffold-mi1:14304569-14305089	89	91	BARX2_split2	1	2.26669	0.86119	1.56413
PER14_SVMP_8::scaffold-mi1:14304569-14305089	70	81	BARX2	-1	1.86245	0.83778	1.20443
PER14_SVMP_8::scaffold-mi1:14304569-14305089	392	401	NFATC1	1	2.81381	1.79271	2.00881
PER14_SVMP_8::scaffold-mi1:14304569-14305089	509	518	NFATC1	-1	0.90816	0.75185	1.18754
PER14_SVMP_8::scaffold-mi1:14304569-14305089	466	475	NFATC1	-1	1.53887	0.96589	0.82065
PER14_SVMP_8::scaffold-mi1:14304569-14305089	340	349	NFATC1	-1	3.36408	3.28614	2.75653
PER14_SVMP_8::scaffold-mi1:14304569-14305089	274	283	NFATC1	-1	3.84886	2.82063	3.26796
PER14_SVMP_8::scaffold-mi1:14304569-14305089	138	147	NFATC1	-1	2.54435	1.06765	1.88936
PER14_SVMP_8::scaffold-mi1:14304569-14305089	262	269	NR4A2	1	4.25226	2.82063	3.26662
PER14_SVMP_8::scaffold-mi1:14304569-14305089	337	351	EHF	-1	3.32162	3.28378	2.75894
PER14_SVMP_8::scaffold-mi1:14304569-14305089	135	149	EHF	-1	2.54435	1.06765	1.88936
PER14_SVMP_8::scaffold-mi1:14304569-14305089	157	166	SREBF1	1	2.31589	1.20282	1.52368
PER14_SVMP_8::scaffold-mi1:14304569-14305089	348	355	FOXO3	-1	2.71158	3.15100	2.17177
PER14_SVMP_8::scaffold-mi1:14304569-14305089	323	330	FOXO3	-1	3.61379	3.21835	3.01642
PER14_SVMP_8::scaffold-mi1:14304569-14305089	349	355	FOXI1	-1	2.70813	3.12848	2.13168
PER14_SVMP_8::scaffold-mi1:14304569-14305089	186	191	FOXI1_split1	-1	3.56856	2.39407	2.28408
PER14_SVMP_8::scaffold-mi1:14304569-14305089	137	147	ELF5	1	2.54435	1.06765	1.88936
PER14_SVMP_8::scaffold-mi1:14304569-14305089	273	283	ELF5	1	3.84886	2.82063	3.26796
PER14_SVMP_8::scaffold-mi1:14304569-14305089	339	349	ELF5	1	3.38905	3.28614	2.78252
PER14_SVMP_8::scaffold-mi1:14304569-14305089	446	453	PITX2	-1	1.57022	0.96589	0.87523
PER14_SVMP_8::scaffold-mi1:14304569-14305089	417	422	Arid3a	1	1.72171	1.77393	1.39720
PER14_SVMP_8::scaffold-mi1:14304569-14305089	449	454	Arid3a	1	1.57022	0.96589	0.83153
PER14_SVMP_8::scaffold-mi1:14304569-14305089	480	485	Arid3a	1	1.33623	0.96589	1.15555
PER14_SVMP_8::scaffold-mi1:14304569-14305089	327	332	Arid3a	-1	3.61379	3.27955	3.01642
PER14_SVMP_8::scaffold-mi1:14304569-14305089	303	308	Arid3a	-1	3.61379	2.79735	2.97740
PER14_SVMP_8::scaffold-mi1:14304569-14305089	296	301	Arid3a	-1	3.61125	2.82063	3.20069
PER14_SVMP_8::scaffold-mi1:14304569-14305089	292	297	Arid3a	-1	3.19043	2.82063	3.26796
PER14_SVMP_8::scaffold-mi1:14304569-14305089	173	178	Arid3a	-1	3.56856	2.39407	2.28408
PER14_SVMP_8::scaffold-mi1:14304569-14305089	145	150	Arid3a	-1	2.54435	1.06765	1.88936
PER14_SVMP_8::scaffold-mi1:14304569-14305089	69	80	ZNF652	-1	1.83921	0.83749	1.16165
PER14_SVMP_8::scaffold-mi1:14304569-14305089	257	263	MEIS1	1	4.29422	2.82063	3.17405
PER14_SVMP_8::scaffold-mi1:14304569-14305089	280	286	MEIS1	1	3.84640	2.82063	3.26796
PER14_SVMP_8::scaffold-mi1:14304569-14305089	523	529	MEIS1	-1	0.87659	0.81623	1.14774
PER14_SVMP_8::scaffold-mi1:14304569-14305089	384	390	MEIS1	-1	2.91514	1.79271	2.01454
PER14_SVMP_8::scaffold-mi1:14304569-14305089	379	385	MEIS1	-1	2.91514	1.90459	2.01454
PER14_SVMP_8::scaffold-mi1:14304569-14305089	312	318	MEIS1	-1	3.61379	2.61237	3.01642
PER14_SVMP_8::scaffold-mi1:14304569-14305089	25	32	Bhlha15	1	1.19963	0.52444	0.54793
PER14_SVMP_8::scaffold-mi1:14304569-14305089	329	336	Bhlha15	-1	3.61379	3.28614	3.01642
PER14_SVMP_8::scaffold-mi1:14304569-14305089	349	355	FOXO4	-1	2.70813	3.12848	2.13168
PER14_SVMP_8::scaffold-mi1:14304569-14305089	324	330	FOXO4	-1	3.61379	3.22545	3.01642
PER14_SVMP_8::scaffold-mi1:14304569-14305089	186	191	FOXO4_split1	-1	3.56856	2.39407	2.28408
PER14_SVMP_8::scaffold-mi1:14304569-14305089	157	166	SREBF2	-1	2.31589	1.20282	1.52368
PER14_SVMP_8::scaffold-mi1:14304569-14305089	50	58	SOX9	1	1.06332	0.61738	0.62514
PER14_SVMP_8::scaffold-mi1:14304569-14305089	433	441	SOX9	1	1.56798	1.05748	0.99000
PER14_SVMP_8::scaffold-mi1:14304569-14305089	387	395	SOX9	-1	2.90097	1.79271	2.01454
PER14_SVMP_8::scaffold-mi1:14304569-14305089	264	272	SOX9	-1	4.09402	2.82063	3.26796
PER12_SVMP_6::scaffold-mi1:14246402-14246862	378	386	NFIX	1	3.95044	3.56526	3.31458
PER12_SVMP_6::scaffold-mi1:14246402-14246862	383	391	NFIX	1	3.95044	3.56526	3.31458
PER12_SVMP_6::scaffold-mi1:14246402-14246862	409	417	NFIX	1	3.40166	2.79949	3.31458
PER12_SVMP_6::scaffold-mi1:14246402-14246862	492	500	NFIX	1	2.43942	1.76065	1.97284
PER12_SVMP_6::scaffold-mi1:14246402-14246862	402	410	NFIX	-1	3.35802	2.78093	3.31458
PER12_SVMP_6::scaffold-mi1:14246402-14246862	392	401	NFATC1	1	3.83212	3.46816	3.31458
PER12_SVMP_6::scaffold-mi1:14246402-14246862	414	423	NFATC1	1	3.40166	2.79949	3.31385
PER12_SVMP_6::scaffold-mi1:14246402-14246862	567	574	NFATC1_split1	1	1.72093	1.57275	1.04373
PER12_SVMP_6::scaffold-mi1:14246402-14246862	636	636	NFATC1_split2	1	1.72093	1.57275	1.04373
PER12_SVMP_6::scaffold-mi1:14246402-14246862	509	518	NFATC1	-1	2.43942	1.76065	1.52238
PER12_SVMP_6::scaffold-mi1:14246402-14246862	466	475	NFATC1	-1	2.97168	2.40519	3.38717
PER12_SVMP_6::scaffold-mi1:14246402-14246862	340	349	NFATC1	-1	3.10051	2.75714	3.69596
PER12_SVMP_6::scaffold-mi1:14246402-14246862	274	283	NFATC1	-1	1.90715	1.86593	2.31420
PER12_SVMP_6::scaffold-mi1:14246402-14246862	349	355	FOXO4	-1	3.23572	3.26778	2.83509
PER12_SVMP_6::scaffold-mi1:14246402-14246862	324	330	FOXO4	-1	3.20144	2.91426	3.97484
PER12_SVMP_6::scaffold-mi1:14246402-14246862	449	454	Arid3a	1	2.97168	2.40519	3.38717
PER12_SVMP_6::scaffold-mi1:14246402-14246862	480	485	Arid3a	1	2.73303	2.25574	3.14757
PER12_SVMP_6::scaffold-mi1:14246402-14246862	500	505	Arid3a	1	2.43942	1.76065	1.63174
PER12_SVMP_6::scaffold-mi1:14246402-14246862	439	444	Arid3a	-1	2.97168	2.40519	3.38717
PER12_SVMP_6::scaffold-mi1:14246402-14246862	327	332	Arid3a	-1	3.20144	2.91426	3.97484
PER12_SVMP_6::scaffold-mi1:14246402-14246862	303	308	Arid3a	-1	2.99639	2.84276	3.04566
PER12_SVMP_6::scaffold-mi1:14246402-14246862	292	297	Arid3a	-1	2.71282	2.62499	2.68113
PER12_SVMP_6::scaffold-mi1:14246402-14246862	173	178	Arid3a	-1	1.42924	1.20023	2.00843
PER12_SVMP_6::scaffold-mi1:14246402-14246862	145	150	Arid3a	-1	1.05957	0.77954	2.18233
PER12_SVMP_6::scaffold-mi1:14246402-14246862	294	301	Bhlha15	1	2.74649	2.78101	2.82622
PER12_SVMP_6::scaffold-mi1:14246402-14246862	329	336	Bhlha15	-1	3.20144	2.91426	3.97484
PER12_SVMP_6::scaffold-mi1:14246402-14246862	433	441	SOX9	1	2.96938	2.40519	3.38717
PER12_SVMP_6::scaffold-mi1:14246402-14246862	387	395	SOX9	-1	3.95044	3.56526	3.31458
PER12_SVMP_6::scaffold-mi1:14246402-14246862	378	387	NFIA	1	3.95044	3.56526	3.31458
PER12_SVMP_6::scaffold-mi1:14246402-14246862	348	355	FOXO3	-1	3.18468	3.21838	2.89300
PER12_SVMP_6::scaffold-mi1:14246402-14246862	323	330	FOXO3	-1	3.20144	2.91426	3.97484
PER12_SVMP_6::scaffold-mi1:14246402-14246862	347	358	FOXC2	-1	3.36854	3.25470	3.02637
PER12_SVMP_6::scaffold-mi1:14246402-14246862	322	333	FOXC2	-1	3.20144	2.91426	3.97484
PER12_SVMP_6::scaffold-mi1:14246402-14246862	157	166	SREBF1	1	1.04881	0.77954	2.00843
PER12_SVMP_6::scaffold-mi1:14246402-14246862	337	351	EHF	-1	3.09073	2.83884	3.65025
PER12_SVMP_6::scaffold-mi1:14246402-14246862	271	285	EHF	-1	1.91689	1.84578	2.31420
PER12_SVMP_6::scaffold-mi1:14246402-14246862	157	166	SREBF2	-1	1.04881	0.77954	2.00843
PER12_SVMP_6::scaffold-mi1:14246402-14246862	273	283	ELF5	1	1.89051	1.85283	2.31420
PER12_SVMP_6::scaffold-mi1:14246402-14246862	339	349	ELF5	1	3.11060	2.77285	3.72384
PER12_SVMP_6::scaffold-mi1:14246402-14246862	567	574	ELF5_split1	-1	1.71599	1.53797	1.03435
PER12_SVMP_6::scaffold-mi1:14246402-14246862	636	637	ELF5_split2	-1	1.71599	1.53797	1.03435
PER12_SVMP_6::scaffold-mi1:14246402-14246862	414	424	ELF5	-1	3.40166	2.79949	3.28508
PER12_SVMP_6::scaffold-mi1:14246402-14246862	497	504	PITX2	-1	2.43942	1.76064	1.74815
PER12_SVMP_6::scaffold-mi1:14246402-14246862	446	453	PITX2	-1	2.97168	2.40519	3.38717
PER12_SVMP_6::scaffold-mi1:14246402-14246862	523	529	MEIS1	-1	1.87269	1.53546	1.24090
PER12_SVMP_6::scaffold-mi1:14246402-14246862	312	318	MEIS1	-1	3.20144	2.91426	3.81717
PER12_SVMP_6::scaffold-mi1:14246402-14246862	298	304	MEIS1	-1	2.75544	2.82930	2.94768
PER12_SVMP_6::scaffold-mi1:14246402-14246862	349	355	FOXI1	-1	3.23572	3.26778	2.83509
PER12_SVMP_6::scaffold-mi1:14246402-14246862	252	262	FOS	1	1.74075	1.84216	1.91051
PER12_SVMP_6::scaffold-mi1:14246402-14246862	299	309	FOS	1	2.90750	2.83681	3.02405
PER12_SVMP_6::scaffold-mi1:14246402-14246862	252	262	FOS	-1	1.74075	1.84216	1.91051
PER15_SVMP_10::scaffold-mi1:14395528-14396031	51	65	EHF	1	1.08382	0.47402	1.60448
PER15_SVMP_10::scaffold-mi1:14395528-14396031	271	285	EHF	-1	3.99240	3.13182	3.46354
PER15_SVMP_10::scaffold-mi1:14395528-14396031	135	149	EHF	-1	2.32694	1.33395	2.93944
PER15_SVMP_10::scaffold-mi1:14395528-14396031	294	301	Bhlha15	1	3.85100	2.90340	3.16034
PER15_SVMP_10::scaffold-mi1:14395528-14396031	94	100	MEIS1	1	1.59296	1.07018	1.59368
PER15_SVMP_10::scaffold-mi1:14395528-14396031	523	529	MEIS1	-1	1.50106	0.74901	1.92575
PER15_SVMP_10::scaffold-mi1:14395528-14396031	384	390	MEIS1	-1	2.19378	3.20458	2.66239
PER15_SVMP_10::scaffold-mi1:14395528-14396031	371	377	MEIS1	-1	2.19378	3.20458	2.66239
PER15_SVMP_10::scaffold-mi1:14395528-14396031	312	318	MEIS1	-1	3.06305	2.54887	3.16772
PER15_SVMP_10::scaffold-mi1:14395528-14396031	298	304	MEIS1	-1	3.70171	2.79672	3.11800
PER15_SVMP_10::scaffold-mi1:14395528-14396031	446	453	PITX2	-1	1.99008	1.80817	2.36314
PER15_SVMP_10::scaffold-mi1:14395528-14396031	378	387	NFIA	1	2.19378	3.20458	2.66239
PER15_SVMP_10::scaffold-mi1:14395528-14396031	80	87	BARX2_split1	1	1.17244	0.91765	1.61022
PER15_SVMP_10::scaffold-mi1:14395528-14396031	89	91	BARX2_split2	1	1.17244	0.91765	1.61022
PER15_SVMP_10::scaffold-mi1:14395528-14396031	575	586	BARX2	1	1.17938	0.76907	1.53132
PER15_SVMP_10::scaffold-mi1:14395528-14396031	265	270	Arid3a	1	3.99240	3.10233	3.46354
PER15_SVMP_10::scaffold-mi1:14395528-14396031	345	350	Arid3a	1	2.42805	2.38024	3.14712
PER15_SVMP_10::scaffold-mi1:14395528-14396031	449	454	Arid3a	1	1.87130	1.80817	2.34905
PER15_SVMP_10::scaffold-mi1:14395528-14396031	480	485	Arid3a	1	1.51985	1.09325	2.08593
PER15_SVMP_10::scaffold-mi1:14395528-14396031	303	308	Arid3a	-1	3.30503	2.56203	3.16772
PER15_SVMP_10::scaffold-mi1:14395528-14396031	173	178	Arid3a	-1	3.00951	2.17126	2.70977
PER15_SVMP_10::scaffold-mi1:14395528-14396031	145	150	Arid3a	-1	2.32694	1.33395	2.93944
PER15_SVMP_10::scaffold-mi1:14395528-14396031	322	332	FOXC2_split1	-1	2.55831	2.54887	3.16772
PER15_SVMP_10::scaffold-mi1:14395528-14396031	433	441	SOX9	1	2.48065	1.80817	2.36314
PER15_SVMP_10::scaffold-mi1:14395528-14396031	558	566	SOX9	1	1.47681	0.76907	1.64957
PER15_SVMP_10::scaffold-mi1:14395528-14396031	387	395	SOX9	-1	2.21881	3.20458	2.66239
PER15_SVMP_10::scaffold-mi1:14395528-14396031	264	272	SOX9	-1	3.99240	3.06916	3.46354
PER15_SVMP_10::scaffold-mi1:14395528-14396031	324	330	FOXO4	-1	2.54059	2.54887	3.16772
PER15_SVMP_10::scaffold-mi1:14395528-14396031	157	166	SREBF2	-1	2.32694	1.33722	2.93944
PER15_SVMP_10::scaffold-mi1:14395528-14396031	53	62	NFATC1	1	1.09109	0.47046	1.61022
PER15_SVMP_10::scaffold-mi1:14395528-14396031	324	332	NFATC1_split1	1	2.52713	2.54887	3.16772
PER15_SVMP_10::scaffold-mi1:14395528-14396031	392	401	NFATC1	1	2.26669	3.04640	2.65680
PER15_SVMP_10::scaffold-mi1:14395528-14396031	414	423	NFATC1	1	2.48065	1.82477	2.07660
PER15_SVMP_10::scaffold-mi1:14395528-14396031	509	518	NFATC1	-1	1.59613	0.68466	2.15555
PER15_SVMP_10::scaffold-mi1:14395528-14396031	466	475	NFATC1	-1	1.64220	1.59184	2.20750
PER15_SVMP_10::scaffold-mi1:14395528-14396031	274	283	NFATC1	-1	3.99240	3.13182	3.46354
PER15_SVMP_10::scaffold-mi1:14395528-14396031	206	215	NFATC1	-1	3.46977	2.67997	3.53328
PER15_SVMP_10::scaffold-mi1:14395528-14396031	138	147	NFATC1	-1	2.32694	1.33395	2.93944
PER15_SVMP_10::scaffold-mi1:14395528-14396031	137	147	ELF5	1	2.32694	1.33395	2.93944
PER15_SVMP_10::scaffold-mi1:14395528-14396031	205	215	ELF5	1	3.46977	2.67997	3.53328
PER15_SVMP_10::scaffold-mi1:14395528-14396031	273	283	ELF5	1	3.99240	3.13182	3.46354
PER15_SVMP_10::scaffold-mi1:14395528-14396031	414	424	ELF5	-1	2.48064	1.82311	2.07723
PER15_SVMP_10::scaffold-mi1:14395528-14396031	53	63	ELF5	-1	1.09497	0.47081	1.61022
PER15_SVMP_10::scaffold-mi1:14395528-14396031	378	386	NFIX	1	2.19378	3.20458	2.66239
PER15_SVMP_10::scaffold-mi1:14395528-14396031	409	417	NFIX	1	2.45962	1.99871	1.98173
PER15_SVMP_10::scaffold-mi1:14395528-14396031	492	500	NFIX	1	1.59613	0.72316	2.15555
PER15_SVMP_10::scaffold-mi1:14395528-14396031	402	410	NFIX	-1	2.31074	2.23849	2.25775
PER15_SVMP_10::scaffold-mi1:14395528-14396031	157	166	SREBF1	1	2.32694	1.33722	2.93944
PER15_SVMP_10::scaffold-mi1:14395528-14396031	234	236	FOS_split1	1	3.63780	2.67950	3.18668
PER15_SVMP_10::scaffold-mi1:14395528-14396031	263	269	FOS_split2	1	3.63780	2.67950	3.18668
PER15_SVMP_10::scaffold-mi1:14395528-14396031	299	309	FOS	1	3.45615	2.65989	3.13338
PER15_SVMP_10::scaffold-mi1:14395528-14396031	234	236	FOS_split1	-1	3.63780	2.67950	3.18668
PER15_SVMP_10::scaffold-mi1:14395528-14396031	263	269	FOS_split2	-1	3.63780	2.67950	3.18668
