PER9_SVMP_5::scaffold-mi1:14193627-14194151	168	176	NFIX	1	3.16147	1.03041	2.99627
PER9_SVMP_5::scaffold-mi1:14193627-14194151	523	531	NFIX	1	2.26625	1.38184	2.69532
PER9_SVMP_5::scaffold-mi1:14193627-14194151	554	562	NFIX	1	2.26625	1.52131	2.66472
PER9_SVMP_5::scaffold-mi1:14193627-14194151	660	663	NFIX_split1	1	1.20023	0.78879	1.27398
PER9_SVMP_5::scaffold-mi1:14193627-14194151	666	669	NFIX_split2	1	1.20023	0.78879	1.27398
PER9_SVMP_5::scaffold-mi1:14193627-14194151	547	555	NFIX	-1	2.26625	1.52131	2.66472
PER9_SVMP_5::scaffold-mi1:14193627-14194151	62	71	NFATC1	1	2.07064	0.49965	1.63245
PER9_SVMP_5::scaffold-mi1:14193627-14194151	517	526	NFATC1	1	2.26625	1.34654	2.73713
PER9_SVMP_5::scaffold-mi1:14193627-14194151	559	562	NFATC1_split1	1	2.21198	1.49167	2.65682
PER9_SVMP_5::scaffold-mi1:14193627-14194151	585	589	NFATC1_split2	1	2.21198	1.49167	2.65682
PER9_SVMP_5::scaffold-mi1:14193627-14194151	634	643	NFATC1	-1	1.75156	1.32329	2.08439
PER9_SVMP_5::scaffold-mi1:14193627-14194151	485	494	NFATC1	-1	2.81585	1.11312	4.49196
PER9_SVMP_5::scaffold-mi1:14193627-14194151	203	212	NFATC1	-1	3.47267	1.42269	4.56561
PER9_SVMP_5::scaffold-mi1:14193627-14194151	147	156	NFATC1	-1	3.45742	0.78724	3.70946
PER9_SVMP_5::scaffold-mi1:14193627-14194151	614	621	PITX2	-1	1.79030	1.32329	2.12889
PER9_SVMP_5::scaffold-mi1:14193627-14194151	254	254	PITX2_split1	-1	3.40491	1.42958	6.04372
PER9_SVMP_5::scaffold-mi1:14193627-14194151	272	277	PITX2_split2	-1	3.40491	1.42958	6.04372
PER9_SVMP_5::scaffold-mi1:14193627-14194151	146	156	ELF5	1	3.45742	0.78724	3.70946
PER9_SVMP_5::scaffold-mi1:14193627-14194151	484	494	ELF5	1	2.81585	1.12417	4.50980
PER9_SVMP_5::scaffold-mi1:14193627-14194151	559	562	ELF5_split1	-1	2.19607	1.45092	2.61671
PER9_SVMP_5::scaffold-mi1:14193627-14194151	585	590	ELF5_split2	-1	2.19607	1.45092	2.61671
PER9_SVMP_5::scaffold-mi1:14193627-14194151	62	72	ELF5	-1	2.07064	0.49965	1.63861
PER9_SVMP_5::scaffold-mi1:14193627-14194151	701	710	RORA	-1	0.87166	0.76642	1.21399
PER9_SVMP_5::scaffold-mi1:14193627-14194151	494	500	FOXO4	-1	2.81585	0.91967	3.74601
PER9_SVMP_5::scaffold-mi1:14193627-14194151	467	470	FOXO4_split1	-1	2.81585	1.22364	4.67031
PER9_SVMP_5::scaffold-mi1:14193627-14194151	473	474	FOXO4_split2	-1	2.81585	1.22364	4.67031
PER9_SVMP_5::scaffold-mi1:14193627-14194151	195	200	FOXO4_split1	-1	3.47267	1.27295	4.38416
PER9_SVMP_5::scaffold-mi1:14193627-14194151	492	503	FOXC2	-1	2.81585	0.96042	3.72108
PER9_SVMP_5::scaffold-mi1:14193627-14194151	465	470	FOXC2_split1	-1	2.81585	1.22364	4.67031
PER9_SVMP_5::scaffold-mi1:14193627-14194151	473	477	FOXC2_split2	-1	2.81585	1.22364	4.67031
PER9_SVMP_5::scaffold-mi1:14193627-14194151	274	279	Arid3a	1	3.40491	1.42958	6.04372
PER9_SVMP_5::scaffold-mi1:14193627-14194151	617	622	Arid3a	1	1.79030	1.32329	2.12415
PER9_SVMP_5::scaffold-mi1:14193627-14194151	648	653	Arid3a	1	1.56334	1.17011	1.92681
PER9_SVMP_5::scaffold-mi1:14193627-14194151	470	470	Arid3a_split1	-1	2.81585	1.22364	4.67031
PER9_SVMP_5::scaffold-mi1:14193627-14194151	473	476	Arid3a_split2	-1	2.81585	1.22364	4.67031
PER9_SVMP_5::scaffold-mi1:14193627-14194151	446	451	Arid3a	-1	3.40491	1.25985	6.04372
PER9_SVMP_5::scaffold-mi1:14193627-14194151	439	444	Arid3a	-1	3.40491	1.42958	6.04372
PER9_SVMP_5::scaffold-mi1:14193627-14194151	435	440	Arid3a	-1	3.40491	1.42958	6.04372
PER9_SVMP_5::scaffold-mi1:14193627-14194151	274	279	Arid3a	-1	3.40491	1.42958	6.04372
PER9_SVMP_5::scaffold-mi1:14193627-14194151	182	187	Arid3a	-1	3.47011	1.24845	4.19161
PER9_SVMP_5::scaffold-mi1:14193627-14194151	154	159	Arid3a	-1	3.45742	0.79070	3.70946
PER9_SVMP_5::scaffold-mi1:14193627-14194151	25	32	Bhlha15	1	1.63837	0.35304	0.89193
PER9_SVMP_5::scaffold-mi1:14193627-14194151	474	481	Bhlha15	-1	2.81585	1.22364	4.67031
PER9_SVMP_5::scaffold-mi1:14193627-14194151	25	32	Bhlha15	-1	1.63837	0.35304	0.89193
PER9_SVMP_5::scaffold-mi1:14193627-14194151	250	254	BARX2_split1	1	3.40491	1.42958	6.04372
PER9_SVMP_5::scaffold-mi1:14193627-14194151	272	277	BARX2_split2	1	3.40491	1.42958	6.04372
PER9_SVMP_5::scaffold-mi1:14193627-14194151	600	608	SOX9	1	1.65862	1.32329	2.12889
PER9_SVMP_5::scaffold-mi1:14193627-14194151	532	540	SOX9	-1	2.26625	1.51467	2.69532
PER9_SVMP_5::scaffold-mi1:14193627-14194151	493	500	FOXO3	-1	2.81585	0.91954	3.78596
PER9_SVMP_5::scaffold-mi1:14193627-14194151	466	470	FOXO3_split1	-1	2.81585	1.22364	4.67031
PER9_SVMP_5::scaffold-mi1:14193627-14194151	473	474	FOXO3_split2	-1	2.81585	1.22364	4.67031
PER9_SVMP_5::scaffold-mi1:14193627-14194151	523	532	NFIA	1	2.26625	1.39167	2.69532
PER9_SVMP_5::scaffold-mi1:14193627-14194151	78	89	ZNF652	-1	2.07064	0.49965	1.72285
PER9_SVMP_5::scaffold-mi1:14193627-14194151	166	175	SREBF1	1	3.22444	0.98014	3.03641
PER9_SVMP_5::scaffold-mi1:14193627-14194151	688	688	NR4A2_split1	-1	0.87516	0.77624	1.15653
PER9_SVMP_5::scaffold-mi1:14193627-14194151	701	706	NR4A2_split2	-1	0.87516	0.77624	1.15653
PER9_SVMP_5::scaffold-mi1:14193627-14194151	494	500	FOXI1	-1	2.81585	0.91967	3.74601
PER9_SVMP_5::scaffold-mi1:14193627-14194151	195	200	FOXI1_split1	-1	3.47267	1.27295	4.38416
PER9_SVMP_5::scaffold-mi1:14193627-14194151	166	175	SREBF2	-1	3.22444	0.98014	3.03641
PER9_SVMP_5::scaffold-mi1:14193627-14194151	109	115	MEIS1	1	2.28521	0.56365	2.36358
PER9_SVMP_5::scaffold-mi1:14193627-14194151	289	295	MEIS1	1	3.40491	1.42958	6.04372
PER9_SVMP_5::scaffold-mi1:14193627-14194151	705	711	MEIS1	-1	0.86658	0.75156	1.24430
PER9_SVMP_5::scaffold-mi1:14193627-14194151	529	535	MEIS1	-1	2.26625	1.47832	2.69532
PER9_SVMP_5::scaffold-mi1:14193627-14194151	455	461	MEIS1	-1	2.91537	1.22364	4.07621
PER9_SVMP_5::scaffold-mi1:14193627-14194151	60	74	EHF	1	2.07064	0.49832	1.63861
PER9_SVMP_5::scaffold-mi1:14193627-14194151	482	496	EHF	-1	2.81585	1.10857	4.46167
PER9_SVMP_5::scaffold-mi1:14193627-14194151	144	158	EHF	-1	3.45742	0.78786	3.70946
PER9_SVMP_5::scaffold-mi1:14193627-14194151	28	38	FOS	1	1.62708	0.35289	0.87597
PER9_SVMP_5::scaffold-mi1:14193627-14194151	435	445	FOS	1	3.40491	1.42941	6.04372
PER9_SVMP_5::scaffold-mi1:14193627-14194151	442	452	FOS	1	3.40491	1.32372	5.94514
PER9_SVMP_5::scaffold-mi1:14193627-14194151	28	38	FOS	-1	1.62708	0.35289	0.87597
PER11_SVMP_5::scaffold-mi1:14203264-14203870	289	295	MEIS1	1	4.19614	1.89242	5.05412
PER11_SVMP_5::scaffold-mi1:14203264-14203870	779	783	MEIS1_split1	-1	1.25653	0.72874	1.16453
PER11_SVMP_5::scaffold-mi1:14203264-14203870	795	795	MEIS1_split2	-1	1.25653	0.72874	1.16453
PER11_SVMP_5::scaffold-mi1:14203264-14203870	705	711	MEIS1	-1	1.70783	1.00207	1.59209
PER11_SVMP_5::scaffold-mi1:14203264-14203870	529	535	MEIS1	-1	2.90593	1.75175	4.54490
PER11_SVMP_5::scaffold-mi1:14203264-14203870	455	461	MEIS1	-1	2.83022	1.60011	3.91985
PER11_SVMP_5::scaffold-mi1:14203264-14203870	264	270	MEIS1	-1	4.85935	2.63293	5.50720
PER11_SVMP_5::scaffold-mi1:14203264-14203870	617	622	Arid3a	1	2.39263	1.43517	4.55122
PER11_SVMP_5::scaffold-mi1:14203264-14203870	648	653	Arid3a	1	2.11574	1.08288	3.94538
PER11_SVMP_5::scaffold-mi1:14203264-14203870	470	470	Arid3a_split1	-1	2.83591	1.60011	4.03314
PER11_SVMP_5::scaffold-mi1:14203264-14203870	473	476	Arid3a_split2	-1	2.83591	1.60011	4.03314
PER11_SVMP_5::scaffold-mi1:14203264-14203870	446	451	Arid3a	-1	2.74199	1.27997	4.28694
PER11_SVMP_5::scaffold-mi1:14203264-14203870	439	444	Arid3a	-1	3.27808	1.54464	4.71691
PER11_SVMP_5::scaffold-mi1:14203264-14203870	435	440	Arid3a	-1	3.76234	1.79254	4.71691
PER11_SVMP_5::scaffold-mi1:14203264-14203870	154	159	Arid3a	-1	3.56512	1.13700	4.74112
PER11_SVMP_5::scaffold-mi1:14203264-14203870	97	102	Arid3a	-1	1.80416	0.73584	3.00876
PER11_SVMP_5::scaffold-mi1:14203264-14203870	70	75	Arid3a	-1	1.00558	0.28740	2.01895
PER11_SVMP_5::scaffold-mi1:14203264-14203870	146	156	ELF5	1	3.41621	1.08424	4.74112
PER11_SVMP_5::scaffold-mi1:14203264-14203870	200	200	ELF5_split1	1	5.24542	1.80193	6.89379
PER11_SVMP_5::scaffold-mi1:14203264-14203870	202	210	ELF5_split2	1	5.24542	1.80193	6.89379
PER11_SVMP_5::scaffold-mi1:14203264-14203870	484	494	ELF5	1	2.63365	1.55587	3.76047
PER11_SVMP_5::scaffold-mi1:14203264-14203870	559	562	ELF5_split1	-1	2.34802	1.30159	4.44812
PER11_SVMP_5::scaffold-mi1:14203264-14203870	585	590	ELF5_split2	-1	2.34802	1.30159	4.44812
PER11_SVMP_5::scaffold-mi1:14203264-14203870	182	185	ELF5_split1	-1	4.37379	1.76477	5.62046
PER11_SVMP_5::scaffold-mi1:14203264-14203870	194	199	ELF5_split2	-1	4.37379	1.76477	5.62046
PER11_SVMP_5::scaffold-mi1:14203264-14203870	62	72	ELF5	-1	0.98730	0.28647	1.83817
PER11_SVMP_5::scaffold-mi1:14203264-14203870	614	621	PITX2	-1	2.40244	1.43911	4.56431
PER11_SVMP_5::scaffold-mi1:14203264-14203870	91	102	ZNF652	1	1.67393	0.66993	2.94004
PER11_SVMP_5::scaffold-mi1:14203264-14203870	78	89	ZNF652	-1	1.08850	0.42540	2.06594
PER11_SVMP_5::scaffold-mi1:14203264-14203870	28	38	FOS	1	0.86504	0.25093	1.78307
PER11_SVMP_5::scaffold-mi1:14203264-14203870	261	271	FOS	1	4.93183	2.69967	5.51537
PER11_SVMP_5::scaffold-mi1:14203264-14203870	442	452	FOS	1	2.86193	1.29411	4.41596
PER11_SVMP_5::scaffold-mi1:14203264-14203870	261	271	FOS	-1	4.93183	2.69967	5.51537
PER11_SVMP_5::scaffold-mi1:14203264-14203870	28	38	FOS	-1	0.86504	0.25093	1.78307
PER11_SVMP_5::scaffold-mi1:14203264-14203870	493	500	FOXO3	-1	2.31155	1.52437	3.69487
PER11_SVMP_5::scaffold-mi1:14203264-14203870	466	470	FOXO3_split1	-1	2.83591	1.60011	4.03314
PER11_SVMP_5::scaffold-mi1:14203264-14203870	473	474	FOXO3_split2	-1	2.83591	1.60011	4.03314
PER11_SVMP_5::scaffold-mi1:14203264-14203870	60	74	EHF	1	0.98727	0.28647	1.82970
PER11_SVMP_5::scaffold-mi1:14203264-14203870	482	496	EHF	-1	2.59484	1.55360	3.76180
PER11_SVMP_5::scaffold-mi1:14203264-14203870	144	158	EHF	-1	3.40968	1.09318	4.74112
PER11_SVMP_5::scaffold-mi1:14203264-14203870	25	32	Bhlha15	1	0.88329	0.25110	1.76391
PER11_SVMP_5::scaffold-mi1:14203264-14203870	474	481	Bhlha15	-1	2.83591	1.60011	4.03314
PER11_SVMP_5::scaffold-mi1:14203264-14203870	25	32	Bhlha15	-1	0.88329	0.25110	1.76391
PER11_SVMP_5::scaffold-mi1:14203264-14203870	62	71	NFATC1	1	0.98532	0.28647	1.81808
PER11_SVMP_5::scaffold-mi1:14203264-14203870	182	185	NFATC1_split1	1	4.34656	1.76338	5.47898
PER11_SVMP_5::scaffold-mi1:14203264-14203870	194	198	NFATC1_split2	1	4.34656	1.76338	5.47898
PER11_SVMP_5::scaffold-mi1:14203264-14203870	517	526	NFATC1	1	2.90593	1.75175	4.53866
PER11_SVMP_5::scaffold-mi1:14203264-14203870	537	546	NFATC1	1	2.90593	1.65383	4.54490
PER11_SVMP_5::scaffold-mi1:14203264-14203870	559	562	NFATC1_split1	1	2.38326	1.31687	4.53064
PER11_SVMP_5::scaffold-mi1:14203264-14203870	585	589	NFATC1_split2	1	2.38326	1.31687	4.53064
PER11_SVMP_5::scaffold-mi1:14203264-14203870	679	688	NFATC1	-1	1.86183	1.04762	1.77356
PER11_SVMP_5::scaffold-mi1:14203264-14203870	634	643	NFATC1	-1	2.28738	1.36370	4.21413
PER11_SVMP_5::scaffold-mi1:14203264-14203870	485	494	NFATC1	-1	2.61118	1.55095	3.73017
PER11_SVMP_5::scaffold-mi1:14203264-14203870	202	211	NFATC1	-1	5.27383	1.80466	6.89379
PER11_SVMP_5::scaffold-mi1:14203264-14203870	147	156	NFATC1	-1	3.42938	1.08476	4.74112
PER11_SVMP_5::scaffold-mi1:14203264-14203870	523	532	NFIA	1	2.90593	1.75175	4.54213
PER11_SVMP_5::scaffold-mi1:14203264-14203870	523	531	NFIX	1	2.90593	1.75175	4.54178
PER11_SVMP_5::scaffold-mi1:14203264-14203870	554	562	NFIX	1	2.56647	1.40540	4.54490
PER11_SVMP_5::scaffold-mi1:14203264-14203870	660	663	NFIX_split1	1	1.82082	1.01269	2.24411
PER11_SVMP_5::scaffold-mi1:14203264-14203870	666	669	NFIX_split2	1	1.82082	1.01269	2.24411
PER11_SVMP_5::scaffold-mi1:14203264-14203870	547	555	NFIX	-1	2.78899	1.40540	4.54490
PER11_SVMP_5::scaffold-mi1:14203264-14203870	271	278	NR4A2	1	4.46670	2.15923	5.34381
PER11_SVMP_5::scaffold-mi1:14203264-14203870	688	688	NR4A2_split1	-1	1.62840	1.04762	1.68311
PER11_SVMP_5::scaffold-mi1:14203264-14203870	701	706	NR4A2_split2	-1	1.62840	1.04762	1.68311
PER11_SVMP_5::scaffold-mi1:14203264-14203870	166	175	SREBF1	1	3.87274	1.20260	4.74112
PER11_SVMP_5::scaffold-mi1:14203264-14203870	494	500	FOXI1	-1	2.31956	1.52649	3.75019
PER11_SVMP_5::scaffold-mi1:14203264-14203870	166	175	SREBF2	-1	3.87274	1.20260	4.74112
PER11_SVMP_5::scaffold-mi1:14203264-14203870	90	101	BARX2	1	1.59710	0.63965	2.87026
PER11_SVMP_5::scaffold-mi1:14203264-14203870	760	771	BARX2	1	1.83121	0.97044	2.09380
PER11_SVMP_5::scaffold-mi1:14203264-14203870	494	500	FOXO4	-1	2.31956	1.52649	3.75019
PER11_SVMP_5::scaffold-mi1:14203264-14203870	467	470	FOXO4_split1	-1	2.83591	1.60011	4.03314
PER11_SVMP_5::scaffold-mi1:14203264-14203870	473	474	FOXO4_split2	-1	2.83591	1.60011	4.03314
PER11_SVMP_5::scaffold-mi1:14203264-14203870	271	282	FOXC2	1	4.46073	2.08314	5.34381
PER11_SVMP_5::scaffold-mi1:14203264-14203870	492	503	FOXC2	-1	2.46603	1.57011	3.83057
PER11_SVMP_5::scaffold-mi1:14203264-14203870	465	470	FOXC2_split1	-1	2.83591	1.60011	4.03314
PER11_SVMP_5::scaffold-mi1:14203264-14203870	473	477	FOXC2_split2	-1	2.83591	1.60011	4.03314
PER11_SVMP_5::scaffold-mi1:14203264-14203870	436	447	FOXC2	-1	3.31613	1.51962	4.71691
PER11_SVMP_5::scaffold-mi1:14203264-14203870	600	608	SOX9	1	2.40244	1.43911	4.56431
PER11_SVMP_5::scaffold-mi1:14203264-14203870	743	751	SOX9	1	2.08348	0.97044	2.09380
PER11_SVMP_5::scaffold-mi1:14203264-14203870	776	783	SOX9_split1	1	1.37611	0.82226	1.32169
PER11_SVMP_5::scaffold-mi1:14203264-14203870	532	540	SOX9	-1	2.90593	1.75175	4.54490
PER11_SVMP_5::scaffold-mi1:14203264-14203870	273	281	SOX9	-1	4.45841	2.05066	5.34381
PER11_SVMP_5::scaffold-mi1:14203264-14203870	268	277	RORA	1	4.52266	2.26561	5.34381
PER11_SVMP_5::scaffold-mi1:14203264-14203870	701	710	RORA	-1	1.64032	1.02690	1.63837
PER14_SVMP_8::scaffold-mi1:14304569-14305089	268	277	RORA	1	4.27910	2.82063	3.16848
PER14_SVMP_8::scaffold-mi1:14304569-14305089	554	562	NFIX	1	1.88957	1.79271	1.58594
PER14_SVMP_8::scaffold-mi1:14304569-14305089	660	663	NFIX_split1	1	0.89666	0.76429	1.18754
PER14_SVMP_8::scaffold-mi1:14304569-14305089	666	669	NFIX_split2	1	0.89666	0.76429	1.18754
PER14_SVMP_8::scaffold-mi1:14304569-14305089	547	555	NFIX	-1	2.29400	1.79271	1.83040
PER14_SVMP_8::scaffold-mi1:14304569-14305089	515	523	NFIX	-1	2.96489	2.47927	2.01885
PER14_SVMP_8::scaffold-mi1:14304569-14305089	11	21	SOX10	-1	1.16538	0.39326	0.54793
PER14_SVMP_8::scaffold-mi1:14304569-14305089	271	282	FOXC2	1	4.10557	2.82063	3.26711
PER14_SVMP_8::scaffold-mi1:14304569-14305089	492	503	FOXC2	-1	2.79549	3.13431	2.15679
PER14_SVMP_8::scaffold-mi1:14304569-14305089	465	470	FOXC2_split1	-1	3.61379	3.23296	3.01642
PER14_SVMP_8::scaffold-mi1:14304569-14305089	473	477	FOXC2_split2	-1	3.61379	3.23296	3.01642
PER14_SVMP_8::scaffold-mi1:14304569-14305089	436	447	FOXC2	-1	3.45602	2.82063	3.18488
PER14_SVMP_8::scaffold-mi1:14304569-14305089	61	72	FOXC2	-1	1.12690	0.65640	0.65857
PER14_SVMP_8::scaffold-mi1:14304569-14305089	28	38	FOS	1	1.18311	0.53661	0.54871
PER14_SVMP_8::scaffold-mi1:14304569-14305089	442	452	FOS	1	3.61379	2.79634	2.99733
PER14_SVMP_8::scaffold-mi1:14304569-14305089	28	38	FOS	-1	1.18311	0.53661	0.54871
PER14_SVMP_8::scaffold-mi1:14304569-14305089	89	96	BARX2_split1	1	2.26669	0.86119	1.56413
PER14_SVMP_8::scaffold-mi1:14304569-14305089	98	100	BARX2_split2	1	2.26669	0.86119	1.56413
PER14_SVMP_8::scaffold-mi1:14304569-14305089	79	90	BARX2	-1	1.86245	0.83778	1.20443
PER14_SVMP_8::scaffold-mi1:14304569-14305089	537	546	NFATC1	1	2.81381	1.79271	2.00881
PER14_SVMP_8::scaffold-mi1:14304569-14305089	679	688	NFATC1	-1	0.90816	0.75185	1.18754
PER14_SVMP_8::scaffold-mi1:14304569-14305089	634	643	NFATC1	-1	1.53887	0.96589	0.82065
PER14_SVMP_8::scaffold-mi1:14304569-14305089	485	494	NFATC1	-1	3.36408	3.28614	2.75653
PER14_SVMP_8::scaffold-mi1:14304569-14305089	283	292	NFATC1	-1	3.84886	2.82063	3.26796
PER14_SVMP_8::scaffold-mi1:14304569-14305089	147	156	NFATC1	-1	2.54435	1.06765	1.88936
PER14_SVMP_8::scaffold-mi1:14304569-14305089	271	278	NR4A2	1	4.25226	2.82063	3.26662
PER14_SVMP_8::scaffold-mi1:14304569-14305089	482	496	EHF	-1	3.32162	3.28378	2.75894
PER14_SVMP_8::scaffold-mi1:14304569-14305089	144	158	EHF	-1	2.54435	1.06765	1.88936
PER14_SVMP_8::scaffold-mi1:14304569-14305089	166	175	SREBF1	1	2.31589	1.20282	1.52368
PER14_SVMP_8::scaffold-mi1:14304569-14305089	493	500	FOXO3	-1	2.71158	3.15100	2.17177
PER14_SVMP_8::scaffold-mi1:14304569-14305089	466	470	FOXO3_split1	-1	3.61379	3.21835	3.01642
PER14_SVMP_8::scaffold-mi1:14304569-14305089	473	474	FOXO3_split2	-1	3.61379	3.21835	3.01642
PER14_SVMP_8::scaffold-mi1:14304569-14305089	494	500	FOXI1	-1	2.70813	3.12848	2.13168
PER14_SVMP_8::scaffold-mi1:14304569-14305089	195	200	FOXI1_split1	-1	3.56856	2.39407	2.28408
PER14_SVMP_8::scaffold-mi1:14304569-14305089	146	156	ELF5	1	2.54435	1.06765	1.88936
PER14_SVMP_8::scaffold-mi1:14304569-14305089	282	292	ELF5	1	3.84886	2.82063	3.26796
PER14_SVMP_8::scaffold-mi1:14304569-14305089	484	494	ELF5	1	3.38905	3.28614	2.78252
PER14_SVMP_8::scaffold-mi1:14304569-14305089	614	621	PITX2	-1	1.57022	0.96589	0.87523
PER14_SVMP_8::scaffold-mi1:14304569-14305089	562	562	Arid3a_split1	1	1.72171	1.77393	1.39720
PER14_SVMP_8::scaffold-mi1:14304569-14305089	585	588	Arid3a_split2	1	1.72171	1.77393	1.39720
PER14_SVMP_8::scaffold-mi1:14304569-14305089	617	622	Arid3a	1	1.57022	0.96589	0.83153
PER14_SVMP_8::scaffold-mi1:14304569-14305089	648	653	Arid3a	1	1.33623	0.96589	1.15555
PER14_SVMP_8::scaffold-mi1:14304569-14305089	470	470	Arid3a_split1	-1	3.61379	3.27955	3.01642
PER14_SVMP_8::scaffold-mi1:14304569-14305089	473	476	Arid3a_split2	-1	3.61379	3.27955	3.01642
PER14_SVMP_8::scaffold-mi1:14304569-14305089	446	451	Arid3a	-1	3.61379	2.79735	2.97740
PER14_SVMP_8::scaffold-mi1:14304569-14305089	439	444	Arid3a	-1	3.61125	2.82063	3.20069
PER14_SVMP_8::scaffold-mi1:14304569-14305089	435	440	Arid3a	-1	3.19043	2.82063	3.26796
PER14_SVMP_8::scaffold-mi1:14304569-14305089	182	187	Arid3a	-1	3.56856	2.39407	2.28408
PER14_SVMP_8::scaffold-mi1:14304569-14305089	154	159	Arid3a	-1	2.54435	1.06765	1.88936
PER14_SVMP_8::scaffold-mi1:14304569-14305089	78	89	ZNF652	-1	1.83921	0.83749	1.16165
PER14_SVMP_8::scaffold-mi1:14304569-14305089	266	272	MEIS1	1	4.29422	2.82063	3.17405
PER14_SVMP_8::scaffold-mi1:14304569-14305089	289	295	MEIS1	1	3.84640	2.82063	3.26796
PER14_SVMP_8::scaffold-mi1:14304569-14305089	705	711	MEIS1	-1	0.87659	0.81623	1.14774
PER14_SVMP_8::scaffold-mi1:14304569-14305089	529	535	MEIS1	-1	2.91514	1.79271	2.01454
PER14_SVMP_8::scaffold-mi1:14304569-14305089	524	530	MEIS1	-1	2.91514	1.90459	2.01454
PER14_SVMP_8::scaffold-mi1:14304569-14305089	455	461	MEIS1	-1	3.61379	2.61237	3.01642
PER14_SVMP_8::scaffold-mi1:14304569-14305089	25	32	Bhlha15	1	1.19963	0.52444	0.54793
PER14_SVMP_8::scaffold-mi1:14304569-14305089	474	481	Bhlha15	-1	3.61379	3.28614	3.01642
PER14_SVMP_8::scaffold-mi1:14304569-14305089	494	500	FOXO4	-1	2.70813	3.12848	2.13168
PER14_SVMP_8::scaffold-mi1:14304569-14305089	467	470	FOXO4_split1	-1	3.61379	3.22545	3.01642
PER14_SVMP_8::scaffold-mi1:14304569-14305089	473	474	FOXO4_split2	-1	3.61379	3.22545	3.01642
PER14_SVMP_8::scaffold-mi1:14304569-14305089	195	200	FOXO4_split1	-1	3.56856	2.39407	2.28408
PER14_SVMP_8::scaffold-mi1:14304569-14305089	166	175	SREBF2	-1	2.31589	1.20282	1.52368
PER14_SVMP_8::scaffold-mi1:14304569-14305089	59	67	SOX9	1	1.06332	0.61738	0.62514
PER14_SVMP_8::scaffold-mi1:14304569-14305089	600	608	SOX9	1	1.56798	1.05748	0.99000
PER14_SVMP_8::scaffold-mi1:14304569-14305089	532	540	SOX9	-1	2.90097	1.79271	2.01454
PER14_SVMP_8::scaffold-mi1:14304569-14305089	273	281	SOX9	-1	4.09402	2.82063	3.26796
PER12_SVMP_6::scaffold-mi1:14246402-14246862	523	531	NFIX	1	3.95044	3.56526	3.31458
PER12_SVMP_6::scaffold-mi1:14246402-14246862	528	536	NFIX	1	3.95044	3.56526	3.31458
PER12_SVMP_6::scaffold-mi1:14246402-14246862	554	562	NFIX	1	3.40166	2.79949	3.31458
PER12_SVMP_6::scaffold-mi1:14246402-14246862	660	663	NFIX_split1	1	2.43942	1.76065	1.97284
PER12_SVMP_6::scaffold-mi1:14246402-14246862	666	669	NFIX_split2	1	2.43942	1.76065	1.97284
PER12_SVMP_6::scaffold-mi1:14246402-14246862	547	555	NFIX	-1	3.35802	2.78093	3.31458
PER12_SVMP_6::scaffold-mi1:14246402-14246862	537	546	NFATC1	1	3.83212	3.46816	3.31458
PER12_SVMP_6::scaffold-mi1:14246402-14246862	559	562	NFATC1_split1	1	3.40166	2.79949	3.31385
PER12_SVMP_6::scaffold-mi1:14246402-14246862	585	589	NFATC1_split2	1	3.40166	2.79949	3.31385
PER12_SVMP_6::scaffold-mi1:14246402-14246862	752	759	NFATC1_split1	1	1.72093	1.57275	1.04373
PER12_SVMP_6::scaffold-mi1:14246402-14246862	832	832	NFATC1_split2	1	1.72093	1.57275	1.04373
PER12_SVMP_6::scaffold-mi1:14246402-14246862	679	688	NFATC1	-1	2.43942	1.76065	1.52238
PER12_SVMP_6::scaffold-mi1:14246402-14246862	634	643	NFATC1	-1	2.97168	2.40519	3.38717
PER12_SVMP_6::scaffold-mi1:14246402-14246862	485	494	NFATC1	-1	3.10051	2.75714	3.69596
PER12_SVMP_6::scaffold-mi1:14246402-14246862	283	292	NFATC1	-1	1.90715	1.86593	2.31420
PER12_SVMP_6::scaffold-mi1:14246402-14246862	494	500	FOXO4	-1	3.23572	3.26778	2.83509
PER12_SVMP_6::scaffold-mi1:14246402-14246862	467	470	FOXO4_split1	-1	3.20144	2.91426	3.97484
PER12_SVMP_6::scaffold-mi1:14246402-14246862	473	474	FOXO4_split2	-1	3.20144	2.91426	3.97484
PER12_SVMP_6::scaffold-mi1:14246402-14246862	617	622	Arid3a	1	2.97168	2.40519	3.38717
PER12_SVMP_6::scaffold-mi1:14246402-14246862	648	653	Arid3a	1	2.73303	2.25574	3.14757
PER12_SVMP_6::scaffold-mi1:14246402-14246862	670	675	Arid3a	1	2.43942	1.76065	1.63174
PER12_SVMP_6::scaffold-mi1:14246402-14246862	606	609	Arid3a_split1	-1	2.97168	2.40519	3.38717
PER12_SVMP_6::scaffold-mi1:14246402-14246862	611	611	Arid3a_split2	-1	2.97168	2.40519	3.38717
PER12_SVMP_6::scaffold-mi1:14246402-14246862	470	470	Arid3a_split1	-1	3.20144	2.91426	3.97484
PER12_SVMP_6::scaffold-mi1:14246402-14246862	473	476	Arid3a_split2	-1	3.20144	2.91426	3.97484
PER12_SVMP_6::scaffold-mi1:14246402-14246862	446	451	Arid3a	-1	2.99639	2.84276	3.04566
PER12_SVMP_6::scaffold-mi1:14246402-14246862	435	440	Arid3a	-1	2.71282	2.62499	2.68113
PER12_SVMP_6::scaffold-mi1:14246402-14246862	182	187	Arid3a	-1	1.42924	1.20023	2.00843
PER12_SVMP_6::scaffold-mi1:14246402-14246862	154	159	Arid3a	-1	1.05957	0.77954	2.18233
PER12_SVMP_6::scaffold-mi1:14246402-14246862	437	444	Bhlha15	1	2.74649	2.78101	2.82622
PER12_SVMP_6::scaffold-mi1:14246402-14246862	474	481	Bhlha15	-1	3.20144	2.91426	3.97484
PER12_SVMP_6::scaffold-mi1:14246402-14246862	600	608	SOX9	1	2.96938	2.40519	3.38717
PER12_SVMP_6::scaffold-mi1:14246402-14246862	532	540	SOX9	-1	3.95044	3.56526	3.31458
PER12_SVMP_6::scaffold-mi1:14246402-14246862	523	532	NFIA	1	3.95044	3.56526	3.31458
PER12_SVMP_6::scaffold-mi1:14246402-14246862	493	500	FOXO3	-1	3.18468	3.21838	2.89300
PER12_SVMP_6::scaffold-mi1:14246402-14246862	466	470	FOXO3_split1	-1	3.20144	2.91426	3.97484
PER12_SVMP_6::scaffold-mi1:14246402-14246862	473	474	FOXO3_split2	-1	3.20144	2.91426	3.97484
PER12_SVMP_6::scaffold-mi1:14246402-14246862	492	503	FOXC2	-1	3.36854	3.25470	3.02637
PER12_SVMP_6::scaffold-mi1:14246402-14246862	465	470	FOXC2_split1	-1	3.20144	2.91426	3.97484
PER12_SVMP_6::scaffold-mi1:14246402-14246862	473	477	FOXC2_split2	-1	3.20144	2.91426	3.97484
PER12_SVMP_6::scaffold-mi1:14246402-14246862	166	175	SREBF1	1	1.04881	0.77954	2.00843
PER12_SVMP_6::scaffold-mi1:14246402-14246862	482	496	EHF	-1	3.09073	2.83884	3.65025
PER12_SVMP_6::scaffold-mi1:14246402-14246862	280	294	EHF	-1	1.91689	1.84578	2.31420
PER12_SVMP_6::scaffold-mi1:14246402-14246862	166	175	SREBF2	-1	1.04881	0.77954	2.00843
PER12_SVMP_6::scaffold-mi1:14246402-14246862	282	292	ELF5	1	1.89051	1.85283	2.31420
PER12_SVMP_6::scaffold-mi1:14246402-14246862	484	494	ELF5	1	3.11060	2.77285	3.72384
PER12_SVMP_6::scaffold-mi1:14246402-14246862	752	759	ELF5_split1	-1	1.71599	1.53797	1.03435
PER12_SVMP_6::scaffold-mi1:14246402-14246862	832	833	ELF5_split2	-1	1.71599	1.53797	1.03435
PER12_SVMP_6::scaffold-mi1:14246402-14246862	559	562	ELF5_split1	-1	3.40166	2.79949	3.28508
PER12_SVMP_6::scaffold-mi1:14246402-14246862	585	590	ELF5_split2	-1	3.40166	2.79949	3.28508
PER12_SVMP_6::scaffold-mi1:14246402-14246862	667	674	PITX2	-1	2.43942	1.76064	1.74815
PER12_SVMP_6::scaffold-mi1:14246402-14246862	614	621	PITX2	-1	2.97168	2.40519	3.38717
PER12_SVMP_6::scaffold-mi1:14246402-14246862	705	711	MEIS1	-1	1.87269	1.53546	1.24090
PER12_SVMP_6::scaffold-mi1:14246402-14246862	455	461	MEIS1	-1	3.20144	2.91426	3.81717
PER12_SVMP_6::scaffold-mi1:14246402-14246862	441	447	MEIS1	-1	2.75544	2.82930	2.94768
PER12_SVMP_6::scaffold-mi1:14246402-14246862	494	500	FOXI1	-1	3.23572	3.26778	2.83509
PER12_SVMP_6::scaffold-mi1:14246402-14246862	261	271	FOS	1	1.74075	1.84216	1.91051
PER12_SVMP_6::scaffold-mi1:14246402-14246862	442	452	FOS	1	2.90750	2.83681	3.02405
PER12_SVMP_6::scaffold-mi1:14246402-14246862	261	271	FOS	-1	1.74075	1.84216	1.91051
PER15_SVMP_10::scaffold-mi1:14395528-14396031	60	74	EHF	1	1.08382	0.47402	1.60448
PER15_SVMP_10::scaffold-mi1:14395528-14396031	280	294	EHF	-1	3.99240	3.13182	3.46354
PER15_SVMP_10::scaffold-mi1:14395528-14396031	144	158	EHF	-1	2.32694	1.33395	2.93944
PER15_SVMP_10::scaffold-mi1:14395528-14396031	437	444	Bhlha15	1	3.85100	2.90340	3.16034
PER15_SVMP_10::scaffold-mi1:14395528-14396031	103	109	MEIS1	1	1.59296	1.07018	1.59368
PER15_SVMP_10::scaffold-mi1:14395528-14396031	705	711	MEIS1	-1	1.50106	0.74901	1.92575
PER15_SVMP_10::scaffold-mi1:14395528-14396031	529	535	MEIS1	-1	2.19378	3.20458	2.66239
PER15_SVMP_10::scaffold-mi1:14395528-14396031	516	522	MEIS1	-1	2.19378	3.20458	2.66239
PER15_SVMP_10::scaffold-mi1:14395528-14396031	455	461	MEIS1	-1	3.06305	2.54887	3.16772
PER15_SVMP_10::scaffold-mi1:14395528-14396031	441	447	MEIS1	-1	3.70171	2.79672	3.11800
PER15_SVMP_10::scaffold-mi1:14395528-14396031	614	621	PITX2	-1	1.99008	1.80817	2.36314
PER15_SVMP_10::scaffold-mi1:14395528-14396031	523	532	NFIA	1	2.19378	3.20458	2.66239
PER15_SVMP_10::scaffold-mi1:14395528-14396031	89	96	BARX2_split1	1	1.17244	0.91765	1.61022
PER15_SVMP_10::scaffold-mi1:14395528-14396031	98	100	BARX2_split2	1	1.17244	0.91765	1.61022
PER15_SVMP_10::scaffold-mi1:14395528-14396031	760	771	BARX2	1	1.17938	0.76907	1.53132
PER15_SVMP_10::scaffold-mi1:14395528-14396031	274	279	Arid3a	1	3.99240	3.10233	3.46354
PER15_SVMP_10::scaffold-mi1:14395528-14396031	490	495	Arid3a	1	2.42805	2.38024	3.14712
PER15_SVMP_10::scaffold-mi1:14395528-14396031	617	622	Arid3a	1	1.87130	1.80817	2.34905
PER15_SVMP_10::scaffold-mi1:14395528-14396031	648	653	Arid3a	1	1.51985	1.09325	2.08593
PER15_SVMP_10::scaffold-mi1:14395528-14396031	446	451	Arid3a	-1	3.30503	2.56203	3.16772
PER15_SVMP_10::scaffold-mi1:14395528-14396031	182	187	Arid3a	-1	3.00951	2.17126	2.70977
PER15_SVMP_10::scaffold-mi1:14395528-14396031	154	159	Arid3a	-1	2.32694	1.33395	2.93944
PER15_SVMP_10::scaffold-mi1:14395528-14396031	465	470	FOXC2_split1	-1	2.55831	2.54887	3.16772
PER15_SVMP_10::scaffold-mi1:14395528-14396031	473	477	FOXC2_split2	-1	2.55831	2.54887	3.16772
PER15_SVMP_10::scaffold-mi1:14395528-14396031	600	608	SOX9	1	2.48065	1.80817	2.36314
PER15_SVMP_10::scaffold-mi1:14395528-14396031	743	751	SOX9	1	1.47681	0.76907	1.64957
PER15_SVMP_10::scaffold-mi1:14395528-14396031	532	540	SOX9	-1	2.21881	3.20458	2.66239
PER15_SVMP_10::scaffold-mi1:14395528-14396031	273	281	SOX9	-1	3.99240	3.06916	3.46354
PER15_SVMP_10::scaffold-mi1:14395528-14396031	467	470	FOXO4_split1	-1	2.54059	2.54887	3.16772
PER15_SVMP_10::scaffold-mi1:14395528-14396031	473	474	FOXO4_split2	-1	2.54059	2.54887	3.16772
PER15_SVMP_10::scaffold-mi1:14395528-14396031	166	175	SREBF2	-1	2.32694	1.33722	2.93944
PER15_SVMP_10::scaffold-mi1:14395528-14396031	62	71	NFATC1	1	1.09109	0.47046	1.61022
PER15_SVMP_10::scaffold-mi1:14395528-14396031	467	470	NFATC1_split1	1	2.52713	2.54887	3.16772
PER15_SVMP_10::scaffold-mi1:14395528-14396031	473	477	NFATC1_split2	1	2.52713	2.54887	3.16772
PER15_SVMP_10::scaffold-mi1:14395528-14396031	537	546	NFATC1	1	2.26669	3.04640	2.65680
PER15_SVMP_10::scaffold-mi1:14395528-14396031	559	562	NFATC1_split1	1	2.48065	1.82477	2.07660
PER15_SVMP_10::scaffold-mi1:14395528-14396031	585	589	NFATC1_split2	1	2.48065	1.82477	2.07660
PER15_SVMP_10::scaffold-mi1:14395528-14396031	679	688	NFATC1	-1	1.59613	0.68466	2.15555
PER15_SVMP_10::scaffold-mi1:14395528-14396031	634	643	NFATC1	-1	1.64220	1.59184	2.20750
PER15_SVMP_10::scaffold-mi1:14395528-14396031	283	292	NFATC1	-1	3.99240	3.13182	3.46354
PER15_SVMP_10::scaffold-mi1:14395528-14396031	215	224	NFATC1	-1	3.46977	2.67997	3.53328
PER15_SVMP_10::scaffold-mi1:14395528-14396031	147	156	NFATC1	-1	2.32694	1.33395	2.93944
PER15_SVMP_10::scaffold-mi1:14395528-14396031	146	156	ELF5	1	2.32694	1.33395	2.93944
PER15_SVMP_10::scaffold-mi1:14395528-14396031	214	224	ELF5	1	3.46977	2.67997	3.53328
PER15_SVMP_10::scaffold-mi1:14395528-14396031	282	292	ELF5	1	3.99240	3.13182	3.46354
PER15_SVMP_10::scaffold-mi1:14395528-14396031	559	562	ELF5_split1	-1	2.48064	1.82311	2.07723
PER15_SVMP_10::scaffold-mi1:14395528-14396031	585	590	ELF5_split2	-1	2.48064	1.82311	2.07723
PER15_SVMP_10::scaffold-mi1:14395528-14396031	62	72	ELF5	-1	1.09497	0.47081	1.61022
PER15_SVMP_10::scaffold-mi1:14395528-14396031	523	531	NFIX	1	2.19378	3.20458	2.66239
PER15_SVMP_10::scaffold-mi1:14395528-14396031	554	562	NFIX	1	2.45962	1.99871	1.98173
PER15_SVMP_10::scaffold-mi1:14395528-14396031	660	663	NFIX_split1	1	1.59613	0.72316	2.15555
PER15_SVMP_10::scaffold-mi1:14395528-14396031	666	669	NFIX_split2	1	1.59613	0.72316	2.15555
PER15_SVMP_10::scaffold-mi1:14395528-14396031	547	555	NFIX	-1	2.31074	2.23849	2.25775
PER15_SVMP_10::scaffold-mi1:14395528-14396031	166	175	SREBF1	1	2.32694	1.33722	2.93944
PER15_SVMP_10::scaffold-mi1:14395528-14396031	243	245	FOS_split1	1	3.63780	2.67950	3.18668
PER15_SVMP_10::scaffold-mi1:14395528-14396031	272	278	FOS_split2	1	3.63780	2.67950	3.18668
PER15_SVMP_10::scaffold-mi1:14395528-14396031	442	452	FOS	1	3.45615	2.65989	3.13338
PER15_SVMP_10::scaffold-mi1:14395528-14396031	243	245	FOS_split1	-1	3.63780	2.67950	3.18668
PER15_SVMP_10::scaffold-mi1:14395528-14396031	272	278	FOS_split2	-1	3.63780	2.67950	3.18668
PER13_SVMP_7::scaffold-mi1:14276792-14277191	442	452	FOS	1	1.62616	1.49536	1.97674
PER13_SVMP_7::scaffold-mi1:14276792-14277191	614	621	PITX2	-1	1.05035	1.05013	1.52524
PER13_SVMP_7::scaffold-mi1:14276792-14277191	484	494	ELF5	1	1.49762	1.50888	1.89645
PER13_SVMP_7::scaffold-mi1:14276792-14277191	559	562	ELF5_split1	-1	1.35917	1.31844	2.24206
PER13_SVMP_7::scaffold-mi1:14276792-14277191	585	590	ELF5_split2	-1	1.35917	1.31844	2.24206
PER13_SVMP_7::scaffold-mi1:14276792-14277191	424	434	ELF5	-1	1.17867	1.08978	1.59197
PER13_SVMP_7::scaffold-mi1:14276792-14277191	376	386	ELF5	-1	0.78268	0.66269	0.77548
PER13_SVMP_7::scaffold-mi1:14276792-14277191	336	345	RORA	-1	0.51129	0.44296	0.58065
PER13_SVMP_7::scaffold-mi1:14276792-14277191	705	711	MEIS1	-1	0.67659	0.82335	0.97593
PER13_SVMP_7::scaffold-mi1:14276792-14277191	455	461	MEIS1	-1	1.62616	1.50888	2.06160
PER13_SVMP_7::scaffold-mi1:14276792-14277191	422	436	EHF	1	1.20311	1.10848	1.62429
PER13_SVMP_7::scaffold-mi1:14276792-14277191	482	496	EHF	-1	1.52326	1.49071	1.96408
PER13_SVMP_7::scaffold-mi1:14276792-14277191	523	531	NFIX	1	1.57967	1.63542	2.22149
PER13_SVMP_7::scaffold-mi1:14276792-14277191	528	536	NFIX	1	1.39728	1.63542	2.19107
PER13_SVMP_7::scaffold-mi1:14276792-14277191	554	562	NFIX	1	1.39571	1.58223	2.29231
PER13_SVMP_7::scaffold-mi1:14276792-14277191	660	663	NFIX_split1	1	0.63690	0.89525	0.98848
PER13_SVMP_7::scaffold-mi1:14276792-14277191	666	669	NFIX_split2	1	0.63690	0.89525	0.98848
PER13_SVMP_7::scaffold-mi1:14276792-14277191	547	555	NFIX	-1	1.39571	1.63542	2.29231
PER13_SVMP_7::scaffold-mi1:14276792-14277191	304	312	NFIX	-1	0.35510	0.23301	0.48140
PER13_SVMP_7::scaffold-mi1:14276792-14277191	376	385	NFATC1	1	0.78003	0.66269	0.77525
PER13_SVMP_7::scaffold-mi1:14276792-14277191	424	433	NFATC1	1	1.17198	1.07757	1.55086
PER13_SVMP_7::scaffold-mi1:14276792-14277191	517	526	NFATC1	1	1.70379	1.63542	2.22149
PER13_SVMP_7::scaffold-mi1:14276792-14277191	537	546	NFATC1	1	1.39571	1.63542	2.24959
PER13_SVMP_7::scaffold-mi1:14276792-14277191	559	562	NFATC1_split1	1	1.36588	1.35296	2.28964
PER13_SVMP_7::scaffold-mi1:14276792-14277191	585	589	NFATC1_split2	1	1.36588	1.35296	2.28964
PER13_SVMP_7::scaffold-mi1:14276792-14277191	679	688	NFATC1	-1	0.60090	0.89525	0.87340
PER13_SVMP_7::scaffold-mi1:14276792-14277191	634	643	NFATC1	-1	0.77496	1.03411	1.49454
PER13_SVMP_7::scaffold-mi1:14276792-14277191	485	494	NFATC1	-1	1.48334	1.50888	1.87810
PER13_SVMP_7::scaffold-mi1:14276792-14277191	405	414	NFATC1	-1	1.18547	0.78953	1.18608
PER13_SVMP_7::scaffold-mi1:14276792-14277191	494	500	FOXI1	-1	1.63399	1.34407	2.21589
PER13_SVMP_7::scaffold-mi1:14276792-14277191	415	422	Bhlha15	1	1.18547	0.96145	1.38130
PER13_SVMP_7::scaffold-mi1:14276792-14277191	432	439	Bhlha15	1	1.38433	1.31533	1.93729
PER13_SVMP_7::scaffold-mi1:14276792-14277191	474	481	Bhlha15	-1	1.62616	1.50888	2.06160
PER13_SVMP_7::scaffold-mi1:14276792-14277191	432	439	Bhlha15	-1	1.38433	1.31533	1.93729
PER13_SVMP_7::scaffold-mi1:14276792-14277191	415	422	Bhlha15	-1	1.18547	0.96145	1.38130
PER13_SVMP_7::scaffold-mi1:14276792-14277191	494	500	FOXO4	-1	1.63399	1.34407	2.21589
PER13_SVMP_7::scaffold-mi1:14276792-14277191	467	470	FOXO4_split1	-1	1.62616	1.50888	2.06160
PER13_SVMP_7::scaffold-mi1:14276792-14277191	473	474	FOXO4_split2	-1	1.62616	1.50888	2.06160
PER13_SVMP_7::scaffold-mi1:14276792-14277191	492	503	FOXC2	-1	1.61078	1.40372	2.18077
PER13_SVMP_7::scaffold-mi1:14276792-14277191	465	470	FOXC2_split1	-1	1.62616	1.50888	2.06160
PER13_SVMP_7::scaffold-mi1:14276792-14277191	473	477	FOXC2_split2	-1	1.62616	1.50888	2.06160
PER13_SVMP_7::scaffold-mi1:14276792-14277191	369	380	FOXC2	-1	0.68046	0.66269	0.77343
PER13_SVMP_7::scaffold-mi1:14276792-14277191	362	370	SOX9	1	0.54112	0.66269	0.77343
PER13_SVMP_7::scaffold-mi1:14276792-14277191	600	608	SOX9	1	1.21685	1.05013	1.52524
PER13_SVMP_7::scaffold-mi1:14276792-14277191	532	540	SOX9	-1	1.38227	1.63542	2.19902
PER13_SVMP_7::scaffold-mi1:14276792-14277191	493	500	FOXO3	-1	1.60447	1.36761	2.21161
PER13_SVMP_7::scaffold-mi1:14276792-14277191	466	470	FOXO3_split1	-1	1.62616	1.50888	2.06160
PER13_SVMP_7::scaffold-mi1:14276792-14277191	473	474	FOXO3_split2	-1	1.62616	1.50888	2.06160
PER13_SVMP_7::scaffold-mi1:14276792-14277191	335	342	NR4A2	-1	0.50565	0.44197	0.58065
PER13_SVMP_7::scaffold-mi1:14276792-14277191	617	622	Arid3a	1	0.95169	1.05013	1.52524
PER13_SVMP_7::scaffold-mi1:14276792-14277191	648	653	Arid3a	1	0.66102	0.83308	1.42215
PER13_SVMP_7::scaffold-mi1:14276792-14277191	470	470	Arid3a_split1	-1	1.62616	1.50888	2.06160
PER13_SVMP_7::scaffold-mi1:14276792-14277191	473	476	Arid3a_split2	-1	1.62616	1.50888	2.06160
PER13_SVMP_7::scaffold-mi1:14276792-14277191	446	451	Arid3a	-1	1.62616	1.49613	1.97674
PER13_SVMP_7::scaffold-mi1:14276792-14277191	523	532	NFIA	1	1.55598	1.63542	2.22149
PER13_SVMP_7::scaffold-mi1:14276792-14277191	546	555	NFIA	-1	1.39571	1.63542	2.29231
_R_PER10_SVMP_5::scaffold-mi1:14197539-14198130	168	177	RORA	-1	1.18039	0.64229	1.59817
_R_PER10_SVMP_5::scaffold-mi1:14197539-14198130	532	542	SOX10	-1	0.72731	0.38105	1.21364
_R_PER10_SVMP_5::scaffold-mi1:14197539-14198130	59	69	SOX10	1	1.08576	0.47151	2.05989
_R_PER10_SVMP_5::scaffold-mi1:14197539-14198130	272	282	SOX10	1	0.55432	0.49578	0.75082
_R_PER10_SVMP_5::scaffold-mi1:14197539-14198130	576	582	FOXO4	-1	0.92048	0.42559	1.16777
_R_PER10_SVMP_5::scaffold-mi1:14197539-14198130	271	277	FOXO4	1	0.55208	0.44287	0.71652
_R_PER10_SVMP_5::scaffold-mi1:14197539-14198130	820	829	NFATC1	-1	1.27083	0.62579	1.31986
_R_PER10_SVMP_5::scaffold-mi1:14197539-14198130	297	300	NFATC1_split1	-1	0.57728	0.54386	0.87397
_R_PER10_SVMP_5::scaffold-mi1:14197539-14198130	364	368	NFATC1_split2	-1	0.57728	0.54386	0.87397
_R_PER10_SVMP_5::scaffold-mi1:14197539-14198130	243	252	NFATC1	-1	0.99794	0.60294	1.41024
_R_PER10_SVMP_5::scaffold-mi1:14197539-14198130	372	381	NFATC1	1	0.61764	0.54386	0.87397
_R_PER10_SVMP_5::scaffold-mi1:14197539-14198130	683	692	NFATC1	1	0.96673	0.28672	2.44918
_R_PER10_SVMP_5::scaffold-mi1:14197539-14198130	706	715	NFATC1	1	0.96656	0.29177	2.44918
_R_PER10_SVMP_5::scaffold-mi1:14197539-14198130	801	810	NFATC1	1	1.21514	0.61935	1.24874
_R_PER10_SVMP_5::scaffold-mi1:14197539-14198130	604	612	SOX9	1	0.89501	0.34315	1.93593
_R_PER10_SVMP_5::scaffold-mi1:14197539-14198130	664	672	SOX9	1	0.99086	0.28292	2.28001
_R_PER10_SVMP_5::scaffold-mi1:14197539-14198130	808	816	SOX9	1	1.21514	0.61935	1.13364
_R_PER10_SVMP_5::scaffold-mi1:14197539-14198130	562	573	BARX2	1	0.92048	0.40929	1.27029
_R_PER10_SVMP_5::scaffold-mi1:14197539-14198130	565	576	BARX2	1	0.92048	0.42092	1.24233
_R_PER10_SVMP_5::scaffold-mi1:14197539-14198130	585	594	NFIA	-1	0.92048	0.42559	1.16777
_R_PER10_SVMP_5::scaffold-mi1:14197539-14198130	440	449	NFIA	-1	0.64663	0.43814	1.00504
_R_PER10_SVMP_5::scaffold-mi1:14197539-14198130	82	91	NFIA	-1	1.13184	0.72572	1.81132
_R_PER10_SVMP_5::scaffold-mi1:14197539-14198130	45	54	NFIA	1	0.90850	0.46204	2.06052
_R_PER10_SVMP_5::scaffold-mi1:14197539-14198130	786	791	Arid3a	-1	1.01072	0.50814	1.27186
_R_PER10_SVMP_5::scaffold-mi1:14197539-14198130	740	745	Arid3a	-1	1.01314	0.58810	1.27208
_R_PER10_SVMP_5::scaffold-mi1:14197539-14198130	468	473	Arid3a	-1	0.70906	0.42297	1.23387
_R_PER10_SVMP_5::scaffold-mi1:14197539-14198130	458	463	Arid3a	-1	0.70906	0.42297	1.08959
_R_PER10_SVMP_5::scaffold-mi1:14197539-14198130	447	452	Arid3a	-1	0.64663	0.38388	1.00504
_R_PER10_SVMP_5::scaffold-mi1:14197539-14198130	77	82	Arid3a	-1	1.13184	0.72572	1.76619
_R_PER10_SVMP_5::scaffold-mi1:14197539-14198130	33	38	Arid3a	-1	0.81005	0.46204	2.06052
_R_PER10_SVMP_5::scaffold-mi1:14197539-14198130	37	42	Arid3a	1	0.81963	0.46204	2.06052
_R_PER10_SVMP_5::scaffold-mi1:14197539-14198130	54	59	Arid3a	1	1.04697	0.46204	2.06052
_R_PER10_SVMP_5::scaffold-mi1:14197539-14198130	251	256	Arid3a	1	0.84068	0.60294	1.21428
_R_PER10_SVMP_5::scaffold-mi1:14197539-14198130	256	261	Arid3a	1	0.66592	0.55629	1.09877
_R_PER10_SVMP_5::scaffold-mi1:14197539-14198130	283	288	Arid3a	1	0.55529	0.54386	0.83396
_R_PER10_SVMP_5::scaffold-mi1:14197539-14198130	295	300	Arid3a	1	0.55976	0.54386	0.87397
_R_PER10_SVMP_5::scaffold-mi1:14197539-14198130	366	371	Arid3a	1	0.60639	0.54386	0.87397
_R_PER10_SVMP_5::scaffold-mi1:14197539-14198130	447	452	Arid3a	1	0.64663	0.38388	1.00504
_R_PER10_SVMP_5::scaffold-mi1:14197539-14198130	612	617	Arid3a	1	1.12465	0.31938	2.85772
_R_PER10_SVMP_5::scaffold-mi1:14197539-14198130	715	720	Arid3a	1	0.95464	0.37357	2.31579
_R_PER10_SVMP_5::scaffold-mi1:14197539-14198130	27	38	ZNF652	1	0.81005	0.46204	2.06052
_R_PER10_SVMP_5::scaffold-mi1:14197539-14198130	575	582	FOXO3	-1	0.92048	0.42559	1.16777
_R_PER10_SVMP_5::scaffold-mi1:14197539-14198130	271	278	FOXO3	1	0.55254	0.45696	0.72356
_R_PER10_SVMP_5::scaffold-mi1:14197539-14198130	783	794	FOXC2	-1	1.05254	0.55829	1.27186
_R_PER10_SVMP_5::scaffold-mi1:14197539-14198130	620	631	FOXC2	-1	1.17843	0.33515	2.96509
_R_PER10_SVMP_5::scaffold-mi1:14197539-14198130	574	585	FOXC2	-1	0.92048	0.42559	1.16777
_R_PER10_SVMP_5::scaffold-mi1:14197539-14198130	268	279	FOXC2	1	0.54942	0.45007	0.71765
_R_PER10_SVMP_5::scaffold-mi1:14197539-14198130	284	295	FOXC2	1	0.55529	0.54386	0.84780
_R_PER10_SVMP_5::scaffold-mi1:14197539-14198130	292	299	NR4A2	1	0.55742	0.54386	0.86959
_R_PER10_SVMP_5::scaffold-mi1:14197539-14198130	541	548	Bhlha15	-1	0.72025	0.32309	1.18009
_R_PER10_SVMP_5::scaffold-mi1:14197539-14198130	18	25	Bhlha15	-1	0.87039	0.44176	2.03272
_R_PER10_SVMP_5::scaffold-mi1:14197539-14198130	18	25	Bhlha15	1	0.87039	0.44176	2.03272
_R_PER10_SVMP_5::scaffold-mi1:14197539-14198130	541	548	Bhlha15	1	0.72025	0.32309	1.18009
_R_PER10_SVMP_5::scaffold-mi1:14197539-14198130	566	573	PITX2	-1	0.92048	0.42006	1.27029
_R_PER10_SVMP_5::scaffold-mi1:14197539-14198130	444	451	PITX2	-1	0.64663	0.39127	1.00504
_R_PER10_SVMP_5::scaffold-mi1:14197539-14198130	140	147	PITX2	1	1.18327	0.66470	1.82458
_R_PER10_SVMP_5::scaffold-mi1:14197539-14198130	448	455	PITX2	1	0.66224	0.39745	1.00504
_R_PER10_SVMP_5::scaffold-mi1:14197539-14198130	459	466	PITX2	1	0.70906	0.42297	1.14199
_R_PER10_SVMP_5::scaffold-mi1:14197539-14198130	469	476	PITX2	1	0.70906	0.42297	1.23387
_R_PER10_SVMP_5::scaffold-mi1:14197539-14198130	801	811	ELF5	-1	1.21514	0.61935	1.23564
_R_PER10_SVMP_5::scaffold-mi1:14197539-14198130	706	716	ELF5	-1	0.96537	0.29609	2.44673
_R_PER10_SVMP_5::scaffold-mi1:14197539-14198130	683	693	ELF5	-1	0.96673	0.28672	2.44918
_R_PER10_SVMP_5::scaffold-mi1:14197539-14198130	242	252	ELF5	1	1.01257	0.60468	1.42280
_R_PER10_SVMP_5::scaffold-mi1:14197539-14198130	814	820	MEIS1	-1	1.24298	0.62077	1.21459
_R_PER10_SVMP_5::scaffold-mi1:14197539-14198130	780	786	MEIS1	-1	0.99879	0.61085	1.27186
_R_PER10_SVMP_5::scaffold-mi1:14197539-14198130	559	565	MEIS1	-1	0.92048	0.35260	1.27029
_R_PER10_SVMP_5::scaffold-mi1:14197539-14198130	536	542	MEIS1	-1	0.72731	0.38105	1.20016
_R_PER10_SVMP_5::scaffold-mi1:14197539-14198130	518	524	MEIS1	-1	0.72731	0.40990	1.23387
_R_PER10_SVMP_5::scaffold-mi1:14197539-14198130	750	756	MEIS1	1	1.03063	0.63357	1.26875
_R_PER10_SVMP_5::scaffold-mi1:14197539-14198130	797	805	NFIX	-1	1.21272	0.61935	1.27186
_R_PER10_SVMP_5::scaffold-mi1:14197539-14198130	586	594	NFIX	-1	0.92048	0.42559	1.16777
_R_PER10_SVMP_5::scaffold-mi1:14197539-14198130	441	449	NFIX	-1	0.64663	0.42576	1.00504
_R_PER10_SVMP_5::scaffold-mi1:14197539-14198130	83	91	NFIX	-1	1.13184	0.72572	1.81132
_R_PER10_SVMP_5::scaffold-mi1:14197539-14198130	45	53	NFIX	1	0.89730	0.46204	2.06052
_R_PER10_SVMP_5::scaffold-mi1:14197539-14198130	56	64	NFIX	1	1.07850	0.46189	2.06052
_R_PER10_SVMP_5::scaffold-mi1:14197539-14198130	133	141	NFIX	1	1.15041	0.67668	1.72785
_R_PER10_SVMP_5::scaffold-mi1:14197539-14198130	576	582	FOXI1	-1	0.92048	0.42559	1.16777
