1	0.142857142857
2	0.142857142857
3	0.142857142857
4	0.142857142857
5	0.142857142857
6	0.428571428571
7	0.285714285714
8	0.428571428571
9	0.428571428571
10	0.571428571429
11	0.571428571429
12	0.428571428571
13	0.285714285714
14	0.428571428571
15	0.571428571429
16	0.285714285714
17	0.428571428571
18	0.571428571429
19	0.428571428571
20	0.571428571429
21	0.428571428571
22	0.428571428571
23	0.571428571429
24	0.428571428571
25	0.428571428571
26	0.285714285714
27	0.428571428571
28	0.428571428571
29	0.428571428571
30	0.571428571429
31	0.428571428571
32	0.571428571429
33	0.428571428571
34	0.571428571429
35	0.571428571429
36	0.428571428571
37	0.571428571429
38	0.428571428571
39	0.571428571429
40	0.142857142857
41	0.142857142857
42	0.142857142857
43	0.142857142857
44	0.142857142857
45	0.142857142857
46	0.142857142857
47	0.142857142857
48	0.142857142857
49	0.285714285714
50	0.571428571429
51	0.571428571429
52	0.428571428571
53	0.428571428571
54	0.571428571429
55	0.714285714286
56	0.571428571429
57	0.571428571429
58	0.571428571429
59	0.571428571429
60	0.428571428571
61	0.714285714286
62	0.714285714286
63	0.571428571429
64	0.428571428571
65	0.428571428571
66	0.571428571429
67	0.571428571429
68	0.571428571429
69	0.714285714286
70	0.714285714286
71	0.714285714286
72	0.571428571429
73	0.714285714286
74	0.571428571429
75	0.428571428571
76	0.428571428571
77	0.428571428571
78	0.571428571429
79	0.428571428571
80	0.571428571429
81	0.571428571429
82	0.571428571429
83	0.714285714286
84	0.571428571429
85	0.571428571429
86	0.571428571429
87	0.571428571429
88	0.428571428571
89	0.571428571429
90	0.571428571429
91	0.571428571429
92	0.714285714286
93	0.571428571429
94	0.714285714286
95	0.714285714286
96	0.714285714286
97	0.142857142857
98	0.285714285714
99	0.428571428571
100	0.428571428571
101	0.428571428571
102	0.285714285714
103	0.428571428571
104	0.285714285714
105	0.428571428571
106	0.428571428571
107	0.285714285714
108	0.285714285714
109	0.285714285714
110	0.571428571429
111	0.142857142857
112	0.142857142857
113	0.142857142857
114	0.142857142857
115	0.142857142857
116	0.142857142857
117	0.142857142857
118	0.142857142857
119	0.285714285714
120	0.142857142857
121	0.142857142857
122	0.285714285714
123	0.142857142857
124	0.142857142857
125	0.142857142857
126	0.285714285714
127	0.142857142857
128	0.285714285714
129	0.857142857143
130	0.571428571429
131	0.857142857143
132	0.428571428571
133	0.857142857143
134	0.857142857143
135	0.714285714286
136	0.857142857143
137	0.714285714286
138	0.571428571429
139	0.714285714286
140	0.571428571429
141	0.714285714286
142	0.714285714286
143	0.714285714286
144	0.857142857143
145	0.857142857143
146	0.857142857143
147	0.857142857143
148	0.714285714286
149	0.714285714286
150	0.714285714286
151	0.857142857143
152	0.714285714286
153	0.714285714286
154	0.571428571429
155	0.714285714286
156	0.714285714286
157	0.857142857143
158	0.857142857143
159	0.857142857143
160	0.714285714286
161	0.714285714286
162	0.714285714286
163	0.857142857143
164	0.857142857143
165	0.571428571429
166	0.714285714286
167	0.571428571429
168	0.857142857143
169	0.714285714286
170	0.857142857143
171	0.857142857143
172	0.714285714286
173	0.857142857143
174	0.714285714286
175	0.714285714286
176	0.714285714286
177	0.714285714286
178	0.857142857143
179	0.857142857143
180	0.714285714286
181	0.714285714286
182	0.714285714286
183	0.714285714286
184	0.571428571429
185	0.714285714286
186	0.571428571429
187	0.571428571429
188	0.571428571429
189	0.428571428571
190	0.571428571429
191	0.571428571429
192	0.571428571429
193	0.571428571429
194	0.571428571429
195	0.571428571429
196	0.571428571429
197	0.571428571429
198	0.714285714286
199	0.571428571429
200	0.714285714286
201	0.142857142857
202	0.571428571429
203	0.571428571429
204	0.714285714286
205	0.714285714286
206	0.714285714286
207	0.714285714286
208	0.428571428571
209	0.714285714286
210	0.714285714286
211	0.428571428571
212	0.714285714286
213	0.714285714286
214	0.714285714286
215	0.714285714286
216	0.714285714286
217	0.714285714286
218	0.714285714286
219	0.714285714286
220	0.571428571429
221	0.714285714286
222	0.714285714286
223	0.714285714286
224	0.714285714286
225	0.714285714286
226	0.714285714286
227	0.714285714286
228	0.714285714286
229	0.428571428571
230	0.714285714286
231	0.428571428571
232	0.714285714286
233	0.714285714286
234	0.714285714286
235	0.714285714286
236	0.714285714286
237	0.714285714286
238	0.714285714286
239	0.714285714286
240	0.571428571429
241	0.857142857143
242	0.857142857143
243	0.714285714286
244	0.571428571429
245	0.714285714286
246	0.714285714286
247	0.571428571429
248	0.714285714286
249	0.571428571429
250	0.714285714286
251	0.428571428571
252	0.714285714286
253	0.571428571429
254	0.714285714286
255	0.571428571429
256	0.571428571429
257	0.428571428571
258	0.428571428571
259	0.428571428571
260	0.428571428571
261	0.428571428571
262	0.428571428571
263	0.571428571429
264	0.428571428571
265	0.428571428571
266	0.428571428571
267	0.285714285714
268	0.428571428571
269	0.285714285714
270	0.571428571429
271	0.428571428571
272	0.714285714286
273	0.714285714286
274	0.428571428571
275	0.428571428571
276	0.714285714286
277	0.571428571429
278	1.0
279	1.0
280	0.857142857143
281	1.0
282	0.857142857143
283	0.857142857143
284	0.571428571429
285	0.571428571429
286	0.571428571429
287	0.571428571429
288	0.714285714286
289	0.857142857143
290	0.857142857143
291	0.714285714286
292	0.857142857143
293	1.0
294	0.571428571429
295	0.857142857143
296	0.857142857143
297	0.571428571429
298	0.857142857143
299	0.857142857143
300	0.714285714286
301	0.142857142857
302	0.142857142857
303	0.142857142857
304	0.142857142857
305	0.142857142857
306	0.142857142857
307	0.142857142857
308	0.142857142857
309	0.142857142857
310	0.142857142857
311	0.142857142857
312	0.142857142857
313	0.142857142857
314	0.142857142857
315	0.142857142857
316	0.142857142857
317	0.142857142857
318	0.142857142857
319	0.142857142857
320	0.142857142857
321	0.142857142857
322	0.142857142857
323	0.142857142857
324	0.142857142857
325	0.142857142857
326	0.142857142857
327	0.142857142857
328	0.142857142857
329	0.142857142857
330	0.142857142857
331	0.142857142857
332	0.142857142857
333	0.142857142857
334	0.142857142857
335	0.142857142857
336	0.142857142857
337	0.142857142857
338	0.142857142857
339	0.142857142857
340	0.142857142857
341	0.142857142857
342	0.142857142857
343	0.142857142857
344	0.142857142857
345	0.142857142857
346	0.142857142857
347	0.142857142857
348	0.142857142857
349	0.142857142857
350	0.142857142857
351	0.142857142857
352	0.142857142857
353	0.142857142857
354	0.142857142857
355	0.142857142857
356	0.142857142857
357	0.142857142857
358	0.142857142857
359	0.142857142857
360	0.142857142857
361	0.142857142857
362	0.142857142857
363	0.142857142857
364	0.285714285714
365	0.285714285714
366	0.142857142857
367	0.285714285714
368	0.142857142857
369	0.142857142857
370	0.142857142857
371	0.142857142857
372	0.285714285714
373	0.285714285714
374	0.142857142857
375	0.285714285714
376	0.285714285714
377	0.142857142857
378	0.142857142857
379	0.142857142857
380	0.285714285714
381	0.285714285714
382	0.285714285714
383	0.142857142857
384	0.285714285714
385	0.285714285714
386	0.142857142857
387	0.142857142857
388	0.142857142857
389	0.142857142857
390	0.142857142857
391	0.142857142857
392	0.142857142857
393	0.142857142857
394	0.142857142857
395	0.142857142857
396	0.142857142857
397	0.142857142857
398	0.142857142857
399	0.142857142857
400	0.142857142857
401	0.142857142857
402	0.142857142857
403	0.142857142857
404	0.142857142857
405	0.142857142857
406	0.142857142857
407	0.142857142857
408	0.142857142857
409	0.142857142857
410	0.142857142857
411	0.142857142857
412	0.142857142857
413	0.142857142857
414	0.142857142857
415	0.142857142857
416	0.142857142857
417	0.142857142857
418	0.142857142857
419	0.142857142857
420	0.142857142857
421	0.142857142857
422	0.142857142857
423	0.142857142857
424	0.142857142857
425	0.142857142857
426	0.142857142857
427	0.142857142857
428	0.142857142857
429	0.142857142857
430	0.142857142857
431	0.142857142857
432	0.142857142857
433	0.142857142857
434	0.142857142857
435	0.571428571429
436	0.857142857143
437	0.714285714286
438	0.857142857143
439	0.571428571429
440	0.714285714286
441	0.857142857143
442	0.857142857143
443	0.714285714286
444	0.428571428571
445	0.857142857143
446	1.0
447	1.0
448	1.0
449	1.0
450	0.857142857143
451	1.0
452	1.0
453	0.857142857143
454	0.857142857143
455	0.857142857143
456	1.0
457	1.0
458	0.857142857143
459	1.0
460	0.857142857143
461	1.0
462	0.857142857143
463	1.0
464	0.857142857143
465	0.857142857143
466	0.714285714286
467	1.0
468	1.0
469	0.857142857143
470	1.0
471	0.142857142857
472	0.142857142857
473	1.0
474	0.857142857143
475	0.857142857143
476	1.0
477	1.0
478	0.857142857143
479	0.857142857143
480	0.714285714286
481	0.714285714286
482	0.714285714286
483	0.714285714286
484	0.714285714286
485	0.857142857143
486	0.857142857143
487	0.857142857143
488	0.857142857143
489	0.857142857143
490	0.857142857143
491	0.857142857143
492	0.714285714286
493	0.857142857143
494	0.857142857143
495	0.714285714286
496	0.857142857143
497	0.857142857143
498	0.857142857143
499	0.857142857143
500	0.857142857143
501	0.857142857143
502	0.857142857143
503	0.857142857143
504	0.857142857143
505	0.857142857143
506	0.571428571429
507	0.571428571429
508	0.571428571429
509	0.857142857143
510	0.857142857143
511	0.857142857143
512	0.857142857143
513	0.857142857143
514	0.857142857143
515	0.857142857143
516	0.857142857143
517	0.857142857143
518	1.0
519	0.857142857143
520	0.857142857143
521	0.714285714286
522	0.857142857143
523	0.857142857143
524	0.857142857143
525	1.0
526	1.0
527	0.857142857143
528	0.857142857143
529	0.857142857143
530	0.857142857143
531	0.857142857143
532	0.857142857143
533	0.714285714286
534	1.0
535	0.857142857143
536	0.857142857143
537	0.857142857143
538	0.857142857143
539	1.0
540	0.857142857143
541	1.0
542	0.857142857143
543	0.714285714286
544	0.857142857143
545	1.0
546	1.0
547	0.857142857143
548	0.857142857143
549	0.714285714286
550	0.857142857143
551	1.0
552	0.857142857143
553	0.857142857143
554	1.0
555	0.714285714286
556	0.857142857143
557	1.0
558	0.857142857143
559	1.0
560	0.857142857143
561	0.857142857143
562	0.857142857143
563	0.142857142857
564	0.142857142857
565	0.142857142857
566	0.142857142857
567	0.142857142857
568	0.142857142857
569	0.142857142857
570	0.142857142857
571	0.142857142857
572	0.142857142857
573	0.142857142857
574	0.142857142857
575	0.142857142857
576	0.142857142857
577	0.142857142857
578	0.142857142857
579	0.142857142857
580	0.142857142857
581	0.142857142857
582	0.142857142857
583	0.142857142857
584	0.142857142857
585	0.857142857143
586	1.0
587	0.857142857143
588	0.714285714286
589	0.857142857143
590	0.857142857143
591	0.857142857143
592	1.0
593	0.714285714286
594	0.571428571429
595	1.0
596	0.857142857143
597	1.0
598	0.857142857143
599	1.0
600	1.0
601	0.857142857143
602	0.857142857143
603	1.0
604	1.0
605	1.0
606	0.857142857143
607	1.0
608	1.0
609	0.857142857143
610	0.142857142857
611	0.857142857143
612	1.0
613	0.714285714286
614	1.0
615	0.857142857143
616	0.857142857143
617	1.0
618	0.857142857143
619	1.0
620	1.0
621	1.0
622	0.857142857143
623	0.714285714286
624	0.857142857143
625	1.0
626	0.857142857143
627	1.0
628	1.0
629	0.857142857143
630	1.0
631	1.0
632	1.0
633	1.0
634	1.0
635	0.857142857143
636	1.0
637	1.0
638	0.857142857143
639	1.0
640	0.857142857143
641	1.0
642	0.857142857143
643	1.0
644	0.857142857143
645	0.857142857143
646	1.0
647	1.0
648	1.0
649	0.857142857143
650	1.0
651	0.857142857143
652	0.857142857143
653	0.857142857143
654	0.857142857143
655	1.0
656	0.857142857143
657	0.857142857143
658	0.857142857143
659	0.857142857143
660	1.0
661	1.0
662	0.857142857143
663	1.0
664	0.142857142857
665	0.142857142857
666	0.857142857143
667	0.857142857143
668	0.857142857143
669	0.857142857143
670	0.857142857143
671	1.0
672	1.0
673	1.0
674	0.714285714286
675	1.0
676	1.0
677	1.0
678	1.0
679	0.857142857143
680	0.857142857143
681	1.0
682	0.714285714286
683	0.857142857143
684	0.857142857143
685	1.0
686	0.714285714286
687	0.857142857143
688	1.0
689	0.142857142857
690	0.142857142857
691	0.142857142857
692	0.142857142857
693	0.142857142857
694	0.142857142857
695	0.142857142857
696	0.142857142857
697	0.142857142857
698	0.142857142857
699	0.142857142857
700	0.142857142857
701	0.857142857143
702	0.714285714286
703	0.857142857143
704	1.0
705	0.857142857143
706	1.0
707	1.0
708	1.0
709	1.0
710	0.857142857143
711	1.0
712	1.0
713	1.0
714	0.857142857143
715	0.142857142857
716	0.142857142857
717	0.142857142857
718	0.571428571429
719	0.857142857143
720	0.714285714286
721	0.857142857143
722	0.857142857143
723	0.714285714286
724	0.714285714286
725	0.714285714286
726	0.714285714286
727	0.857142857143
728	0.714285714286
729	0.714285714286
730	0.857142857143
731	0.285714285714
732	0.571428571429
733	0.571428571429
734	0.571428571429
735	0.428571428571
736	0.571428571429
737	0.428571428571
738	0.714285714286
739	0.714285714286
740	0.571428571429
741	0.571428571429
742	0.571428571429
743	0.571428571429
744	0.714285714286
745	0.428571428571
746	0.571428571429
747	0.714285714286
748	0.714285714286
749	0.571428571429
750	0.571428571429
751	0.428571428571
752	0.428571428571
753	0.571428571429
754	0.285714285714
755	0.428571428571
756	0.571428571429
757	0.285714285714
758	0.428571428571
759	0.571428571429
760	0.428571428571
761	0.285714285714
762	0.285714285714
763	0.428571428571
764	0.285714285714
765	0.285714285714
766	0.285714285714
767	0.428571428571
768	0.428571428571
769	0.285714285714
770	0.428571428571
771	0.428571428571
772	0.285714285714
773	0.285714285714
774	0.428571428571
775	0.428571428571
776	0.285714285714
777	0.428571428571
778	0.428571428571
779	0.285714285714
780	0.285714285714
781	0.428571428571
782	0.428571428571
783	0.285714285714
784	0.142857142857
785	0.142857142857
786	0.142857142857
787	0.142857142857
788	0.142857142857
789	0.142857142857
790	0.142857142857
791	0.142857142857
792	0.142857142857
793	0.142857142857
794	0.142857142857
795	0.285714285714
796	0.285714285714
797	0.142857142857
798	0.285714285714
799	0.285714285714
800	0.285714285714
801	0.142857142857
802	0.142857142857
803	0.142857142857
804	0.142857142857
805	0.285714285714
806	0.142857142857
807	0.142857142857
808	0.285714285714
809	0.142857142857
810	0.142857142857
811	0.142857142857
812	0.142857142857
813	0.142857142857
814	0.285714285714
815	0.142857142857
816	0.142857142857
817	0.142857142857
818	0.142857142857
819	0.142857142857
820	0.142857142857
821	0.142857142857
822	0.142857142857
823	0.285714285714
824	0.142857142857
825	0.285714285714
826	0.142857142857
827	0.142857142857
828	0.142857142857
829	0.142857142857
830	0.142857142857
831	0.142857142857
832	0.142857142857
833	0.142857142857
834	0.142857142857
835	0.285714285714
836	0.428571428571
