Sample	total_reads	avg_input_read_length	uniquely_mapped	uniquely_mapped_percent	avg_mapped_read_length	num_splices	num_annotated_splices	num_GTAG_splices	num_GCAG_splices	num_ATAC_splices	num_noncanonical_splices	mismatch_rate	deletion_rate	deletion_length	insertion_rate	insertion_length	multimapped	multimapped_percent	multimapped_toomany	multimapped_toomany_percent	unmapped_mismatches_percent	unmapped_tooshort_percent	unmapped_other_percent	unmapped_mismatches	unmapped_tooshort	unmapped_other
Lvr_11	25253136.0	299.0	16639532.0	65.89	293.72	17450630.0	17314726.0	17175828.0	133358.0	2455.0	138989.0	0.52	0.04	2.64	0.04	2.16	0.0	0.0	397861.0	1.58	0.0	32.53	0.0	0	8215743	0
Lvr_4	20389359.0	299.0	15785368.0	77.42	293.89	16414577.0	16281209.0	16152916.0	105503.0	3421.0	152737.0	0.53	0.03	2.51	0.04	2.06	0.0	0.0	398150.0	1.95	0.0	20.62	0.01	0	4203802	2039
ODPE_1	18348330.0	299.0	13090067.0	71.34	294.83	11955247.0	11826230.0	11599975.0	84772.0	2171.0	268329.0	0.61	0.04	2.28	0.04	1.79	0.0	0.0	922063.0	5.03	0.0	23.22	0.41	0	4260963	75237
ODPE_2	19809617.0	299.0	14177586.0	71.57	294.82	13063344.0	12912067.0	12691228.0	86698.0	2259.0	283159.0	0.59	0.05	2.15	0.04	1.8	0.0	0.0	940841.0	4.75	0.0	23.17	0.51	0	4590155	101035
ODPE_3	18393172.0	299.0	12971106.0	70.52	293.97	11888465.0	11767375.0	11460818.0	81752.0	2428.0	343467.0	0.72	0.05	2.17	0.04	1.83	0.0	0.0	972280.0	5.29	0.0	23.65	0.55	0	4348654	101132
ODPE_4	22937161.0	299.0	16246944.0	70.83	294.45	14953793.0	14770185.0	14553551.0	75739.0	2829.0	321674.0	0.7	0.04	2.28	0.04	1.84	0.0	0.0	1196257.0	5.22	0.0	23.44	0.51	0	5376970	116990
Panc_1	23596362.0	299.0	18822720.0	79.77	295.12	25330553.0	24878894.0	24848949.0	31515.0	1282.0	448807.0	0.58	0.06	3.38	0.03	2.88	0.0	0.0	427944.0	1.81	0.0	18.41	0.0	0	4345698	0
Panc_2	23439471.0	299.0	18968708.0	80.93	294.82	23383147.0	22986772.0	22932156.0	37801.0	1997.0	411193.0	0.49	0.06	3.27	0.04	2.8	0.0	0.0	391774.0	1.67	0.0	17.4	0.0	0	4078989	0
Pnc_11	24652951.0	299.0	20187639.0	81.89	295.51	25349085.0	25082677.0	24983308.0	50511.0	2261.0	313005.0	0.51	0.02	2.28	0.02	1.91	0.0	0.0	299016.0	1.21	0.0	16.9	0.0	0	4166296	0
Pnc_4	22605467.0	299.0	17949996.0	79.41	294.78	22491401.0	22174839.0	22107751.0	47968.0	2760.0	332922.0	0.52	0.03	2.23	0.03	2.47	0.0	0.0	385217.0	1.7	0.0	18.89	0.0	0	4270254	0
RVG_11	25165353.0	299.0	16928839.0	67.27	293.46	15448078.0	15253712.0	15048038.0	96136.0	11683.0	292221.0	0.62	0.08	2.17	0.05	1.99	0.0	0.0	1333996.0	5.3	0.0	26.78	0.64	0	6741409	161109
RVG_4	19401217.0	299.0	14419759.0	74.32	293.92	12996929.0	12682849.0	12517630.0	99844.0	5295.0	374160.0	0.6	0.05	2.25	0.05	1.91	0.0	0.0	935201.0	4.82	0.0	20.35	0.5	0	3949224	97033
Skin_1	16371306.0	299.0	12094866.0	73.88	295.34	13648345.0	13540628.0	13489737.0	82608.0	2887.0	73113.0	0.4	0.03	2.38	0.04	1.92	0.0	0.0	299509.0	1.83	0.0	24.28	0.01	0	3975294	1637
Skin_2	15562787.0	299.0	11510142.0	73.96	295.1	12894786.0	12786349.0	12741531.0	85502.0	2795.0	64958.0	0.52	0.03	2.49	0.03	1.95	0.0	0.0	271614.0	1.75	0.0	24.28	0.01	0	3779474	1557
Skn_11	23892384.0	299.0	18550808.0	77.64	294.72	17117918.0	16995399.0	16848815.0	154976.0	15267.0	98860.0	0.47	0.05	2.63	0.05	2.14	0.0	0.0	449119.0	1.88	0.0	20.46	0.02	0	4887679	4778
Skn_4	19999571.0	299.0	15385522.0	76.93	294.6	18913066.0	18771274.0	18723523.0	96522.0	4960.0	88061.0	0.42	0.03	2.41	0.03	2.17	0.0	0.0	387491.0	1.94	0.0	21.13	0.0	0	4226558	0
Stom_1	17152252.0	299.0	12642498.0	73.71	294.72	13531080.0	13442339.0	13381065.0	76338.0	3543.0	70134.0	0.52	0.03	2.49	0.03	1.94	0.0	0.0	301506.0	1.76	0.0	24.52	0.02	0	4204818	3430
Stom_2	23151594.0	299.0	17429838.0	75.29	295.0	18204704.0	18061875.0	17961815.0	139387.0	6984.0	96518.0	0.45	0.04	2.41	0.04	1.99	0.0	0.0	424040.0	1.83	0.0	22.87	0.02	0	5293087	4629
TDPE_1	25485213.0	299.0	18029279.0	70.74	294.65	17320875.0	17116390.0	16916894.0	112959.0	3533.0	287489.0	0.63	0.04	2.37	0.03	1.81	0.0	0.0	1063019.0	4.17	0.0	24.78	0.3	0	6316445	76470
TDPE_2	18186147.0	299.0	12877316.0	70.81	294.07	11469483.0	11325154.0	11134365.0	74261.0	2514.0	258343.0	0.7	0.05	2.27	0.04	1.89	0.0	0.0	871286.0	4.79	0.0	24.01	0.39	0	4366617	70928
TDPE_3	21837917.0	299.0	15230805.0	69.74	293.8	13306197.0	13143980.0	12904932.0	88194.0	3120.0	309951.0	0.73	0.05	2.25	0.05	1.9	0.0	0.0	1075056.0	4.92	0.0	24.92	0.41	0	5442512	89544
TDPE_4	23072193.0	299.0	16432563.0	71.22	294.62	14635198.0	14443729.0	14207337.0	114116.0	8476.0	305269.0	0.6	0.05	2.31	0.04	1.83	0.0	0.0	1055443.0	4.57	0.0	23.84	0.36	0	5501116	83071
Un1	26546193.0	299.0	17924262.0	67.52	293.43	15457288.0	15335929.0	15056147.0	91102.0	5498.0	304541.0	0.71	0.07	2.79	0.04	1.9	0.0	0.0	1788987.0	6.74	0.0	25.26	0.48	0	6705523	127421
Un2	19594674.0	299.0	15882831.0	81.06	295.74	14928010.0	14755478.0	14607348.0	131430.0	5560.0	183672.0	0.43	0.04	2.71	0.06	1.92	0.0	0.0	482982.0	2.46	0.0	16.4	0.08	0	3213187	15674
Unext_1	21591762.0	299.0	14417303.0	66.77	294.32	11915603.0	11809844.0	11696021.0	87575.0	3408.0	128599.0	0.55	0.02	2.04	0.04	1.66	0.0	0.0	858971.0	3.98	0.0	29.03	0.22	0	6267987	47501
Unext_2	16682805.0	299.0	11302903.0	67.75	294.89	9620034.0	9529125.0	9412502.0	77534.0	3322.0	126676.0	0.43	0.02	2.06	0.03	1.59	0.0	0.0	600810.0	3.6	0.0	28.54	0.11	0	4760743	18349
Unext_3	19617427.0	299.0	13372396.0	68.17	294.81	11344371.0	11265564.0	11071181.0	105139.0	3351.0	164700.0	0.44	0.02	2.08	0.03	1.58	0.0	0.0	694244.0	3.54	0.0	28.19	0.1	0	5531166	19621
Unext_4	21802668.0	299.0	14807999.0	67.92	294.6	14013549.0	13864783.0	13763576.0	87780.0	8219.0	153974.0	0.47	0.02	2.28	0.02	1.57	0.0	0.0	776720.0	3.56	0.0	28.37	0.14	0	6187415	30534
