1	0.333333333333
2	0.333333333333
3	0.333333333333
4	0.333333333333
5	0.333333333333
6	0.333333333333
7	0.333333333333
8	0.333333333333
9	0.333333333333
10	0.333333333333
11	0.333333333333
12	0.333333333333
13	0.333333333333
14	0.333333333333
15	0.333333333333
16	0.333333333333
17	0.333333333333
18	0.333333333333
19	0.333333333333
20	0.333333333333
21	0.333333333333
22	0.333333333333
23	0.333333333333
24	0.333333333333
25	0.333333333333
26	0.333333333333
27	0.333333333333
28	0.333333333333
29	0.333333333333
30	0.333333333333
31	0.333333333333
32	0.333333333333
33	0.333333333333
34	0.333333333333
35	0.333333333333
36	0.333333333333
37	0.333333333333
38	0.333333333333
39	0.333333333333
40	0.333333333333
41	0.666666666667
42	0.666666666667
43	0.666666666667
44	0.666666666667
45	0.333333333333
46	0.333333333333
47	0.666666666667
48	0.666666666667
49	0.333333333333
50	0.333333333333
51	0.666666666667
52	0.666666666667
53	0.333333333333
54	0.333333333333
55	0.333333333333
56	0.333333333333
57	1.0
58	0.666666666667
59	1.0
60	1.0
61	1.0
62	0.666666666667
63	1.0
64	0.666666666667
65	0.666666666667
66	0.666666666667
67	0.666666666667
68	0.666666666667
69	1.0
70	0.666666666667
71	0.666666666667
72	0.666666666667
73	1.0
74	1.0
75	0.666666666667
76	1.0
77	0.666666666667
78	0.333333333333
79	1.0
80	1.0
81	0.666666666667
82	0.666666666667
83	1.0
84	0.666666666667
85	0.666666666667
86	1.0
87	1.0
88	1.0
89	0.333333333333
90	0.333333333333
91	0.333333333333
92	0.333333333333
93	0.333333333333
94	0.333333333333
95	0.333333333333
96	0.333333333333
97	0.333333333333
98	0.333333333333
99	0.333333333333
100	0.333333333333
101	0.333333333333
102	0.333333333333
103	0.333333333333
104	0.333333333333
105	0.333333333333
106	0.333333333333
107	0.333333333333
108	0.666666666667
109	1.0
110	1.0
111	1.0
112	1.0
113	0.666666666667
114	0.333333333333
115	0.333333333333
116	0.333333333333
117	0.333333333333
118	0.333333333333
119	0.333333333333
120	0.333333333333
121	0.333333333333
122	0.333333333333
123	0.333333333333
124	0.333333333333
125	0.333333333333
126	0.333333333333
127	0.333333333333
128	0.333333333333
129	0.333333333333
130	0.333333333333
131	0.333333333333
132	0.333333333333
133	0.333333333333
134	0.333333333333
135	0.333333333333
136	0.333333333333
137	0.333333333333
138	0.333333333333
139	0.333333333333
140	0.333333333333
141	0.333333333333
142	0.333333333333
143	0.333333333333
144	0.333333333333
145	0.333333333333
146	0.333333333333
147	0.333333333333
148	0.333333333333
149	0.333333333333
150	0.333333333333
151	0.333333333333
152	0.333333333333
153	0.333333333333
154	0.333333333333
155	0.333333333333
156	0.333333333333
157	0.333333333333
158	0.333333333333
159	0.666666666667
160	1.0
161	1.0
162	0.666666666667
163	1.0
164	1.0
165	1.0
166	1.0
167	0.666666666667
168	0.333333333333
169	0.666666666667
170	1.0
171	1.0
172	0.666666666667
173	0.666666666667
174	1.0
175	1.0
176	1.0
177	0.666666666667
178	0.666666666667
179	0.333333333333
180	0.666666666667
181	0.666666666667
182	1.0
183	0.666666666667
184	1.0
185	1.0
186	1.0
187	0.666666666667
188	0.666666666667
189	1.0
190	0.333333333333
191	0.333333333333
192	0.333333333333
193	0.333333333333
194	0.333333333333
195	0.333333333333
196	0.333333333333
197	0.333333333333
198	0.333333333333
199	0.333333333333
200	0.333333333333
201	0.333333333333
202	0.333333333333
203	0.333333333333
204	0.333333333333
205	0.333333333333
206	0.333333333333
207	0.333333333333
208	0.333333333333
209	1.0
210	0.666666666667
211	1.0
212	1.0
213	0.666666666667
214	0.666666666667
215	0.666666666667
216	1.0
217	0.666666666667
218	1.0
219	0.666666666667
220	1.0
221	1.0
222	0.666666666667
223	0.666666666667
224	1.0
225	0.666666666667
226	1.0
227	0.666666666667
228	0.666666666667
229	1.0
230	1.0
231	1.0
232	1.0
233	1.0
234	1.0
235	0.333333333333
236	0.333333333333
237	0.333333333333
238	0.333333333333
239	0.333333333333
240	0.333333333333
241	0.333333333333
242	0.333333333333
243	0.333333333333
244	0.333333333333
245	0.333333333333
246	0.333333333333
247	0.333333333333
248	0.333333333333
249	0.333333333333
250	0.333333333333
251	0.333333333333
252	0.333333333333
253	0.333333333333
254	0.333333333333
255	0.333333333333
256	0.333333333333
257	0.333333333333
258	0.333333333333
259	0.333333333333
260	0.333333333333
261	0.333333333333
262	0.333333333333
263	0.333333333333
264	0.333333333333
265	0.333333333333
266	0.333333333333
267	0.333333333333
268	0.333333333333
269	0.333333333333
270	0.333333333333
271	0.333333333333
272	0.333333333333
273	0.333333333333
274	0.333333333333
275	0.333333333333
276	0.333333333333
277	0.333333333333
278	0.333333333333
279	0.333333333333
280	0.333333333333
281	0.333333333333
282	0.333333333333
283	0.333333333333
284	0.333333333333
285	0.333333333333
286	0.333333333333
287	0.333333333333
288	0.333333333333
289	0.333333333333
290	0.333333333333
291	0.333333333333
292	0.333333333333
293	0.333333333333
294	0.333333333333
295	0.333333333333
296	0.333333333333
297	0.333333333333
298	0.333333333333
299	0.333333333333
300	0.333333333333
301	0.333333333333
302	0.333333333333
303	0.333333333333
304	0.333333333333
305	0.333333333333
306	0.333333333333
307	0.333333333333
308	0.333333333333
309	0.333333333333
310	0.333333333333
311	0.333333333333
312	0.333333333333
313	0.333333333333
314	0.333333333333
315	0.333333333333
316	0.333333333333
317	0.333333333333
318	0.333333333333
319	0.333333333333
320	0.333333333333
321	0.333333333333
322	0.333333333333
323	0.333333333333
324	0.333333333333
325	1.0
326	0.666666666667
327	0.666666666667
328	0.333333333333
329	0.666666666667
330	1.0
331	0.666666666667
332	1.0
333	0.666666666667
334	0.333333333333
335	1.0
336	0.666666666667
337	1.0
338	1.0
339	0.666666666667
340	1.0
341	0.666666666667
342	0.666666666667
343	0.666666666667
344	0.666666666667
345	0.666666666667
346	0.666666666667
347	0.666666666667
348	0.666666666667
349	0.666666666667
350	0.666666666667
351	1.0
352	0.666666666667
353	0.666666666667
354	1.0
355	1.0
356	1.0
357	0.666666666667
358	1.0
359	0.666666666667
360	1.0
361	0.666666666667
362	0.666666666667
363	1.0
364	1.0
365	1.0
366	1.0
367	1.0
368	1.0
369	0.666666666667
370	0.333333333333
371	0.333333333333
372	0.333333333333
373	0.333333333333
374	0.333333333333
375	0.333333333333
376	0.333333333333
377	0.333333333333
378	0.333333333333
379	1.0
380	1.0
381	0.666666666667
382	1.0
383	1.0
384	1.0
385	0.666666666667
386	0.666666666667
387	0.333333333333
388	0.333333333333
389	0.333333333333
390	0.333333333333
391	0.333333333333
392	0.333333333333
393	0.333333333333
394	0.333333333333
395	0.333333333333
396	0.333333333333
397	0.333333333333
398	0.333333333333
399	0.333333333333
400	0.333333333333
401	0.333333333333
402	0.333333333333
403	0.333333333333
404	0.333333333333
405	0.333333333333
406	0.333333333333
407	0.333333333333
408	0.333333333333
409	0.333333333333
410	0.333333333333
411	0.333333333333
412	0.333333333333
413	0.333333333333
414	0.333333333333
415	0.333333333333
416	0.333333333333
417	0.333333333333
418	0.333333333333
419	0.333333333333
420	0.333333333333
421	0.333333333333
422	0.666666666667
423	0.333333333333
424	0.333333333333
425	0.333333333333
426	0.333333333333
427	0.333333333333
428	0.333333333333
429	0.333333333333
430	0.333333333333
431	0.666666666667
432	0.333333333333
433	0.666666666667
434	0.666666666667
435	0.333333333333
436	0.333333333333
437	0.333333333333
438	0.333333333333
439	0.333333333333
440	0.666666666667
441	0.333333333333
442	0.333333333333
443	0.333333333333
444	0.333333333333
445	0.666666666667
446	0.666666666667
447	0.666666666667
448	0.333333333333
449	0.666666666667
450	0.666666666667
451	0.333333333333
452	0.333333333333
453	0.333333333333
454	0.333333333333
455	0.333333333333
456	0.333333333333
457	0.666666666667
458	0.666666666667
459	0.666666666667
460	0.666666666667
461	0.333333333333
462	0.666666666667
463	0.333333333333
464	0.333333333333
465	0.666666666667
466	0.666666666667
467	0.666666666667
468	0.666666666667
469	0.666666666667
470	0.333333333333
471	0.333333333333
472	0.333333333333
473	0.333333333333
474	0.333333333333
475	0.333333333333
476	0.333333333333
477	0.666666666667
478	0.666666666667
479	0.333333333333
480	0.666666666667
481	0.666666666667
482	0.333333333333
483	0.666666666667
484	0.333333333333
485	0.333333333333
486	0.333333333333
487	0.666666666667
488	0.333333333333
489	0.666666666667
490	0.333333333333
491	0.666666666667
492	0.333333333333
493	0.333333333333
494	0.333333333333
495	0.333333333333
496	0.333333333333
497	0.333333333333
498	0.333333333333
499	0.666666666667
500	0.333333333333
501	0.333333333333
502	0.333333333333
503	0.666666666667
504	0.666666666667
505	0.333333333333
506	0.333333333333
507	0.333333333333
508	0.666666666667
509	0.333333333333
510	1.0
511	1.0
512	1.0
513	1.0
514	0.666666666667
515	0.666666666667
516	0.333333333333
517	0.666666666667
518	0.333333333333
519	0.666666666667
520	0.666666666667
521	0.333333333333
522	0.666666666667
523	0.333333333333
524	0.333333333333
525	0.666666666667
526	0.666666666667
527	0.333333333333
528	0.333333333333
529	0.666666666667
530	0.666666666667
531	0.333333333333
532	0.666666666667
533	0.666666666667
534	0.333333333333
535	0.666666666667
536	0.333333333333
537	0.666666666667
538	0.333333333333
539	0.333333333333
540	0.333333333333
541	0.333333333333
542	0.666666666667
543	0.333333333333
544	0.333333333333
545	0.333333333333
546	0.666666666667
547	0.333333333333
548	0.333333333333
549	0.666666666667
550	0.333333333333
551	0.333333333333
552	0.666666666667
553	0.333333333333
554	0.333333333333
555	0.666666666667
556	0.333333333333
557	0.333333333333
558	0.666666666667
559	0.333333333333
560	0.333333333333
561	0.333333333333
562	0.333333333333
563	0.333333333333
564	0.666666666667
565	0.666666666667
566	0.333333333333
567	0.666666666667
568	0.333333333333
569	0.333333333333
570	0.333333333333
571	0.333333333333
572	0.666666666667
573	0.666666666667
574	0.666666666667
575	0.666666666667
576	0.666666666667
577	0.666666666667
578	0.333333333333
579	0.333333333333
580	0.333333333333
581	0.333333333333
582	0.333333333333
583	0.333333333333
584	0.666666666667
585	0.333333333333
586	0.666666666667
587	0.333333333333
588	0.666666666667
589	0.333333333333
590	0.666666666667
591	0.666666666667
592	0.333333333333
593	0.666666666667
594	0.666666666667
595	0.666666666667
596	0.666666666667
597	0.666666666667
598	0.333333333333
599	0.666666666667
600	0.333333333333
601	0.333333333333
602	0.666666666667
603	0.333333333333
604	0.333333333333
605	0.333333333333
606	0.333333333333
607	0.666666666667
608	0.666666666667
609	0.333333333333
610	0.666666666667
611	0.666666666667
612	0.333333333333
613	0.333333333333
614	0.666666666667
615	0.333333333333
616	0.666666666667
617	0.333333333333
618	0.666666666667
