PER39_PLA2_B1.PLA2_K.PLA2_C1::scaffold-mi7:3024168-3024690	463	472	RORA	-1	2.49606	4.26305	2.31105
PER39_PLA2_B1.PLA2_K.PLA2_C1::scaffold-mi7:3024168-3024690	109	117	SOX9	1	4.37300	2.57790	3.37598
PER39_PLA2_B1.PLA2_K.PLA2_C1::scaffold-mi7:3024168-3024690	361	369	SOX9	-1	3.82502	6.40033	4.12103
PER39_PLA2_B1.PLA2_K.PLA2_C1::scaffold-mi7:3024168-3024690	106	114	SOX9	-1	4.37300	2.57790	3.37598
PER39_PLA2_B1.PLA2_K.PLA2_C1::scaffold-mi7:3024168-3024690	575	577	SPDEF_split1	-1	1.18979	1.83877	1.19531
PER39_PLA2_B1.PLA2_K.PLA2_C1::scaffold-mi7:3024168-3024690	584	590	SPDEF_split2	-1	1.18979	1.83877	1.19531
_R_PER40_PLA2_B1.PLA2_K.PLA2_C1::scaffold-mi7:3030314-3030571	362	369	SOX9_split1	-1	2.96248	5.33644	4.79684
_R_PER40_PLA2_B1.PLA2_K.PLA2_C1::scaffold-mi7:3030314-3030571	180	188	SOX9	-1	1.12248	2.95666	1.80573
_R_PER40_PLA2_B1.PLA2_K.PLA2_C1::scaffold-mi7:3030314-3030571	183	189	SOX9_split1	1	1.12393	2.95666	1.80573
_R_PER40_PLA2_B1.PLA2_K.PLA2_C1::scaffold-mi7:3030314-3030571	209	209	SOX9_split2	1	1.12393	2.95666	1.80573
_R_PER40_PLA2_B1.PLA2_K.PLA2_C1::scaffold-mi7:3030314-3030571	333	343	SPDEF	-1	1.80480	2.96536	3.42716
_R_PER40_PLA2_B1.PLA2_K.PLA2_C1::scaffold-mi7:3030314-3030571	542	553	RORC	1	2.60290	4.25593	4.54460
PER41_PLA2_K.PLA2_C1.PLA2_A1::scaffold-mi7:3034975-3035307	182	189	SOX9_split1	1	3.49004	2.28129	2.60849
PER41_PLA2_K.PLA2_C1.PLA2_A1::scaffold-mi7:3034975-3035307	361	369	SOX9	-1	3.31263	2.41016	3.13302
PER41_PLA2_K.PLA2_C1.PLA2_A1::scaffold-mi7:3034975-3035307	177	177	SOX9_split1	-1	3.26358	2.37221	2.48225
PER41_PLA2_K.PLA2_C1.PLA2_A1::scaffold-mi7:3034975-3035307	180	186	SOX9_split2	-1	3.26358	2.37221	2.48225
PER41_PLA2_K.PLA2_C1.PLA2_A1::scaffold-mi7:3034975-3035307	448	457	RORA	1	2.25263	1.78915	3.75968
PER41_PLA2_K.PLA2_C1.PLA2_A1::scaffold-mi7:3034975-3035307	10	19	RORA	-1	1.82082	1.87062	1.68814
PER41_PLA2_K.PLA2_C1.PLA2_A1::scaffold-mi7:3034975-3035307	332	342	SPDEF	-1	3.74597	2.36250	3.15993
PER41_PLA2_K.PLA2_C1.PLA2_A1::scaffold-mi7:3034975-3035307	111	113	EHF_split1	-1	3.38909	2.78266	2.22100
PER41_PLA2_K.PLA2_C1.PLA2_A1::scaffold-mi7:3034975-3035307	159	169	EHF_split2	-1	3.38909	2.78266	2.22100
