PER38_PLA2_B1::scaffold-mi7:3024078-3024707	228	238	ELF5	1	1.90972	1.02264	2.04913
PER38_PLA2_B1::scaffold-mi7:3024078-3024707	319	327	ELF5_split1	1	2.56453	1.52393	2.96718
PER38_PLA2_B1::scaffold-mi7:3024078-3024707	337	337	ELF5_split2	1	2.56453	1.52393	2.96718
PER38_PLA2_B1::scaffold-mi7:3024078-3024707	521	531	ELF5	-1	1.91071	3.45125	1.69930
PER38_PLA2_B1::scaffold-mi7:3024078-3024707	477	487	ELF5	-1	2.52380	3.91146	2.46611
PER38_PLA2_B1::scaffold-mi7:3024078-3024707	25	35	ELF5	-1	0.84102	0.67361	0.62538
PER38_PLA2_B1::scaffold-mi7:3024078-3024707	72	82	KLF11	1	1.35391	1.24201	1.37457
PER38_PLA2_B1::scaffold-mi7:3024078-3024707	176	182	KLF11_split1	1	2.78299	1.66610	1.96620
PER38_PLA2_B1::scaffold-mi7:3024078-3024707	192	194	KLF11_split2	1	2.78299	1.66610	1.96620
PER38_PLA2_B1::scaffold-mi7:3024078-3024707	56	66	KLF11	-1	1.35391	0.77168	1.08240
PER38_PLA2_B1::scaffold-mi7:3024078-3024707	506	517	ZNF341	1	2.10617	3.46862	1.86615
PER38_PLA2_B1::scaffold-mi7:3024078-3024707	84	95	ZNF341	-1	1.35391	1.34029	1.44650
PER38_PLA2_B1::scaffold-mi7:3024078-3024707	368	377	TFAP4	1	2.30997	3.08158	3.55346
PER38_PLA2_B1::scaffold-mi7:3024078-3024707	368	377	TFAP4	-1	2.30997	3.08158	3.55346
PER38_PLA2_B1::scaffold-mi7:3024078-3024707	77	91	EHF	-1	1.35391	1.33195	1.43654
PER38_PLA2_B1::scaffold-mi7:3024078-3024707	596	606	SPDEF	-1	0.98662	1.51072	0.99909
PER39_PLA2_A1::scaffold-mi7:3034828-3035309	18	27	TFAP4	1	0.55209	0.57583	0.61678
PER39_PLA2_A1::scaffold-mi7:3034828-3035309	18	27	TFAP4	-1	0.55209	0.57583	0.61678
PER39_PLA2_A1::scaffold-mi7:3034828-3035309	309	320	ZNF341	1	2.34580	2.35503	1.99238
PER39_PLA2_A1::scaffold-mi7:3034828-3035309	347	358	ZNF341	1	2.80358	2.34230	1.99693
PER39_PLA2_A1::scaffold-mi7:3034828-3035309	399	409	SPDEF	-1	3.11505	2.13273	2.67430
PER39_PLA2_A1::scaffold-mi7:3034828-3035309	334	348	EHF	-1	2.89323	2.39796	1.83313
PER39_PLA2_A1::scaffold-mi7:3034828-3035309	204	207	ELF5_split1	1	1.71194	1.62904	1.18579
PER39_PLA2_A1::scaffold-mi7:3034828-3035309	232	237	ELF5_split2	1	1.71194	1.62904	1.18579
PER39_PLA2_A1::scaffold-mi7:3034828-3035309	336	346	ELF5	1	2.89323	2.39796	1.81687
PER39_PLA2_A1::scaffold-mi7:3034828-3035309	192	202	ELF5	-1	1.25557	1.47204	1.05639
PER39_PLA2_A1::scaffold-mi7:3034828-3035309	26	36	ELF5	-1	0.51406	0.57583	0.61678
