PER36_PLA2_B1.PLA2_K.PLA2_A1::scaffold-mi7:3024168-3024690	67	75	SOX9	1	4.37300	2.57790	3.37598
PER36_PLA2_B1.PLA2_K.PLA2_A1::scaffold-mi7:3024168-3024690	364	372	SOX9	-1	3.82502	6.40033	4.12103
PER36_PLA2_B1.PLA2_K.PLA2_A1::scaffold-mi7:3024168-3024690	64	72	SOX9	-1	4.37300	2.57790	3.37598
PER36_PLA2_B1.PLA2_K.PLA2_A1::scaffold-mi7:3024168-3024690	574	576	SPDEF_split1	-1	1.18979	1.83877	1.19531
PER36_PLA2_B1.PLA2_K.PLA2_A1::scaffold-mi7:3024168-3024690	583	589	SPDEF_split2	-1	1.18979	1.83877	1.19531
PER36_PLA2_B1.PLA2_K.PLA2_A1::scaffold-mi7:3024168-3024690	457	466	RORA	-1	2.49606	4.26305	2.31105
PER39_PLA2_A1::scaffold-mi7:3044361-3044567	13	21	SOX9	1	1.60760	3.37830	2.42061
PER39_PLA2_A1::scaffold-mi7:3044361-3044567	10	18	SOX9	-1	1.60760	3.36792	2.42061
_R_PER37_PLA2_B1.PLA2_K::scaffold-mi7:3030314-3030571	543	552	RORA	1	2.60290	4.25593	4.54460
_R_PER37_PLA2_B1.PLA2_K::scaffold-mi7:3030314-3030571	365	373	SOX9	-1	2.96248	5.33644	4.79684
_R_PER37_PLA2_B1.PLA2_K::scaffold-mi7:3030314-3030571	191	199	SOX9	-1	1.12248	2.95666	1.80573
_R_PER37_PLA2_B1.PLA2_K::scaffold-mi7:3030314-3030571	194	202	SOX9	1	1.12393	2.95666	1.80573
_R_PER37_PLA2_B1.PLA2_K::scaffold-mi7:3030314-3030571	336	346	SPDEF	-1	1.80480	2.96536	3.42716
PER38_PLA2_B1.PLA2_K.PLA2_A1::scaffold-mi7:3034975-3035307	442	451	RORA	1	2.25263	1.78915	3.75968
PER38_PLA2_B1.PLA2_K.PLA2_A1::scaffold-mi7:3034975-3035307	19	28	RORA	-1	1.82082	1.87062	1.68814
PER38_PLA2_B1.PLA2_K.PLA2_A1::scaffold-mi7:3034975-3035307	140	154	EHF	-1	3.38909	2.78266	2.22100
PER38_PLA2_B1.PLA2_K.PLA2_A1::scaffold-mi7:3034975-3035307	335	345	SPDEF	-1	3.74597	2.36250	3.15993
PER38_PLA2_B1.PLA2_K.PLA2_A1::scaffold-mi7:3034975-3035307	193	201	SOX9	1	3.49004	2.28129	2.60849
PER38_PLA2_B1.PLA2_K.PLA2_A1::scaffold-mi7:3034975-3035307	364	372	SOX9	-1	3.31263	2.41016	3.13302
PER38_PLA2_B1.PLA2_K.PLA2_A1::scaffold-mi7:3034975-3035307	161	161	SOX9_split1	-1	3.26358	2.37221	2.48225
PER38_PLA2_B1.PLA2_K.PLA2_A1::scaffold-mi7:3034975-3035307	191	197	SOX9_split2	-1	3.26358	2.37221	2.48225
