1	0.820512820513
2	0.897435897436
3	0.897435897436
4	0.74358974359
5	0.923076923077
6	0.948717948718
7	0.974358974359
8	0.974358974359
9	0.948717948718
10	0.923076923077
11	0.897435897436
12	0.923076923077
13	0.974358974359
14	0.025641025641
15	0.974358974359
16	0.974358974359
17	0.974358974359
18	0.974358974359
19	0.897435897436
20	0.948717948718
21	0.948717948718
22	0.948717948718
23	0.974358974359
24	0.974358974359
25	0.974358974359
26	0.974358974359
27	0.923076923077
28	0.974358974359
29	0.897435897436
30	0.974358974359
31	0.974358974359
32	0.846153846154
33	0.897435897436
34	0.974358974359
35	0.974358974359
36	0.025641025641
37	0.820512820513
38	0.948717948718
39	0.74358974359
40	0.128205128205
41	0.128205128205
42	0.128205128205
43	0.128205128205
44	0.128205128205
45	0.128205128205
46	0.128205128205
47	0.128205128205
48	0.128205128205
49	0.974358974359
50	0.641025641026
51	0.974358974359
52	0.974358974359
53	0.846153846154
54	0.769230769231
55	0.923076923077
56	0.974358974359
57	0.820512820513
58	0.923076923077
59	0.923076923077
60	0.974358974359
61	0.897435897436
62	0.974358974359
63	0.871794871795
64	0.974358974359
65	0.974358974359
66	0.846153846154
67	0.615384615385
68	0.974358974359
69	0.923076923077
70	0.948717948718
71	0.820512820513
72	0.692307692308
73	0.948717948718
74	0.948717948718
75	0.948717948718
76	0.948717948718
77	0.538461538462
78	0.846153846154
79	0.974358974359
80	0.74358974359
81	0.846153846154
82	0.974358974359
83	0.974358974359
84	0.102564102564
85	0.948717948718
86	0.923076923077
87	0.897435897436
88	0.974358974359
89	0.974358974359
90	0.794871794872
91	0.538461538462
92	0.974358974359
93	0.974358974359
94	0.794871794872
95	0.846153846154
96	0.974358974359
97	0.974358974359
98	0.974358974359
99	0.974358974359
100	0.948717948718
101	0.974358974359
102	0.025641025641
103	0.948717948718
104	0.974358974359
105	0.897435897436
106	0.948717948718
107	0.974358974359
108	0.974358974359
109	0.974358974359
110	0.923076923077
111	0.974358974359
112	0.974358974359
113	0.410256410256
114	0.974358974359
115	0.948717948718
116	0.974358974359
117	0.948717948718
118	0.974358974359
119	0.974358974359
120	0.897435897436
121	0.974358974359
122	0.948717948718
123	0.974358974359
124	0.846153846154
125	0.897435897436
126	0.974358974359
127	0.794871794872
128	0.794871794872
129	0.974358974359
130	0.974358974359
131	0.923076923077
132	0.974358974359
133	0.974358974359
134	0.74358974359
135	0.871794871795
136	0.974358974359
137	0.974358974359
138	0.974358974359
139	0.974358974359
140	0.974358974359
141	0.948717948718
142	0.769230769231
143	0.948717948718
144	0.923076923077
145	0.948717948718
146	0.794871794872
147	0.948717948718
148	0.948717948718
149	0.948717948718
150	0.948717948718
151	0.871794871795
152	0.948717948718
153	0.820512820513
154	0.948717948718
155	0.923076923077
156	0.948717948718
157	0.769230769231
158	0.641025641026
159	0.794871794872
160	0.846153846154
161	0.974358974359
162	0.974358974359
163	0.974358974359
164	0.974358974359
165	0.948717948718
166	0.948717948718
167	0.974358974359
168	0.74358974359
169	0.74358974359
170	0.74358974359
171	0.74358974359
172	0.615384615385
173	0.974358974359
174	0.974358974359
175	0.820512820513
176	0.974358974359
177	0.948717948718
178	0.871794871795
179	0.948717948718
180	0.025641025641
181	0.948717948718
182	0.692307692308
183	0.948717948718
184	0.948717948718
185	0.666666666667
186	0.948717948718
187	0.974358974359
188	0.923076923077
189	0.974358974359
190	0.589743589744
191	0.948717948718
192	0.974358974359
193	0.974358974359
194	0.923076923077
195	0.692307692308
196	0.974358974359
197	0.948717948718
198	0.948717948718
199	0.974358974359
200	0.974358974359
201	0.769230769231
202	0.846153846154
203	0.948717948718
204	0.948717948718
205	0.948717948718
206	0.820512820513
207	0.74358974359
208	0.846153846154
209	0.846153846154
210	0.846153846154
211	0.820512820513
212	0.846153846154
213	0.794871794872
214	0.820512820513
215	0.846153846154
216	0.846153846154
217	0.74358974359
218	0.794871794872
219	0.820512820513
220	0.820512820513
221	0.846153846154
222	0.846153846154
223	0.820512820513
224	0.769230769231
225	0.820512820513
226	0.846153846154
227	0.769230769231
228	0.512820512821
229	0.769230769231
230	0.769230769231
231	0.769230769231
232	0.74358974359
233	0.769230769231
234	0.948717948718
235	0.948717948718
236	0.948717948718
237	0.923076923077
238	0.948717948718
239	0.948717948718
240	0.948717948718
241	0.74358974359
242	0.948717948718
243	0.948717948718
244	0.897435897436
245	0.871794871795
246	0.948717948718
247	0.948717948718
248	0.948717948718
249	0.871794871795
250	0.923076923077
251	0.948717948718
252	0.794871794872
253	0.923076923077
254	0.948717948718
255	0.717948717949
256	0.717948717949
257	0.692307692308
258	0.692307692308
259	0.897435897436
260	0.897435897436
261	0.923076923077
262	0.948717948718
263	0.948717948718
264	0.948717948718
265	0.923076923077
266	0.820512820513
267	0.948717948718
268	0.948717948718
269	0.897435897436
270	0.769230769231
271	0.948717948718
272	0.897435897436
273	0.820512820513
274	0.948717948718
275	0.948717948718
276	0.948717948718
277	0.794871794872
278	0.923076923077
279	0.948717948718
280	0.948717948718
281	0.820512820513
282	0.615384615385
283	0.923076923077
284	0.897435897436
285	0.897435897436
286	0.948717948718
287	0.948717948718
288	0.923076923077
289	0.948717948718
290	0.948717948718
291	0.948717948718
292	0.794871794872
293	0.923076923077
294	0.820512820513
295	0.948717948718
296	0.948717948718
297	0.923076923077
298	0.769230769231
299	0.820512820513
300	0.820512820513
301	0.897435897436
302	0.923076923077
303	0.923076923077
304	0.794871794872
305	0.923076923077
306	0.871794871795
307	0.948717948718
308	0.948717948718
309	0.923076923077
310	0.948717948718
311	0.846153846154
312	0.846153846154
313	0.948717948718
314	0.923076923077
315	0.564102564103
316	0.948717948718
317	0.948717948718
318	0.846153846154
319	0.948717948718
320	0.846153846154
321	0.820512820513
322	0.923076923077
323	0.923076923077
324	0.948717948718
325	0.948717948718
326	0.846153846154
327	0.871794871795
328	0.897435897436
329	0.871794871795
330	0.923076923077
331	0.948717948718
332	0.948717948718
333	0.948717948718
334	0.923076923077
335	0.948717948718
336	0.897435897436
337	0.948717948718
338	0.923076923077
339	0.871794871795
340	0.948717948718
341	0.692307692308
342	0.923076923077
343	0.871794871795
344	0.897435897436
345	0.948717948718
346	0.948717948718
347	0.923076923077
348	0.948717948718
349	0.948717948718
350	0.923076923077
351	0.948717948718
352	0.923076923077
353	0.948717948718
354	0.948717948718
355	0.025641025641
356	0.948717948718
357	0.871794871795
358	0.948717948718
359	0.923076923077
360	0.948717948718
361	0.948717948718
362	0.871794871795
363	0.923076923077
364	0.923076923077
365	0.948717948718
366	0.948717948718
367	0.948717948718
368	0.948717948718
369	0.948717948718
370	0.897435897436
371	0.948717948718
372	0.820512820513
373	0.923076923077
374	0.871794871795
375	0.897435897436
376	0.948717948718
377	0.871794871795
378	0.769230769231
379	0.923076923077
380	0.948717948718
381	0.897435897436
382	0.871794871795
383	0.923076923077
384	0.948717948718
385	0.948717948718
386	0.948717948718
387	0.948717948718
388	0.948717948718
389	0.897435897436
390	0.923076923077
391	0.948717948718
392	0.923076923077
393	0.897435897436
394	0.871794871795
395	0.794871794872
396	0.820512820513
397	0.820512820513
398	0.820512820513
399	0.717948717949
400	0.820512820513
401	0.794871794872
402	0.717948717949
403	0.769230769231
404	0.717948717949
405	0.794871794872
406	0.74358974359
407	0.794871794872
408	0.794871794872
409	0.769230769231
410	0.794871794872
411	0.717948717949
412	0.692307692308
413	0.717948717949
414	0.794871794872
415	0.461538461538
416	0.769230769231
417	0.769230769231
418	0.769230769231
419	0.74358974359
420	0.666666666667
421	0.769230769231
422	0.769230769231
423	0.769230769231
424	0.74358974359
425	0.769230769231
426	0.769230769231
427	0.74358974359
