1	0.666666666667
2	0.333333333333
3	0.333333333333
4	0.333333333333
5	0.333333333333
6	0.333333333333
7	0.333333333333
8	0.333333333333
9	0.333333333333
10	0.333333333333
11	0.333333333333
12	0.333333333333
13	0.333333333333
14	0.333333333333
15	0.666666666667
16	0.666666666667
17	0.333333333333
18	0.666666666667
19	0.666666666667
20	0.333333333333
21	0.333333333333
22	0.333333333333
23	0.666666666667
24	0.333333333333
25	0.666666666667
26	1.0
27	0.666666666667
28	0.666666666667
29	0.666666666667
30	0.666666666667
31	0.666666666667
32	0.666666666667
33	1.0
34	0.333333333333
35	0.333333333333
36	0.333333333333
37	0.333333333333
38	0.333333333333
39	0.333333333333
40	0.333333333333
41	0.333333333333
42	0.333333333333
43	1.0
44	1.0
45	0.666666666667
46	1.0
47	1.0
48	1.0
49	0.666666666667
50	1.0
51	1.0
52	1.0
53	1.0
54	1.0
55	0.666666666667
56	0.666666666667
57	0.666666666667
58	1.0
59	0.666666666667
60	0.333333333333
61	1.0
62	1.0
63	0.666666666667
64	0.666666666667
65	0.666666666667
66	1.0
67	0.666666666667
68	0.666666666667
69	0.666666666667
70	0.666666666667
71	0.666666666667
72	0.666666666667
73	1.0
74	0.666666666667
75	1.0
76	0.666666666667
77	0.666666666667
78	1.0
79	1.0
80	1.0
81	1.0
82	0.666666666667
83	0.666666666667
84	1.0
85	1.0
86	0.666666666667
87	1.0
88	1.0
89	0.666666666667
90	0.666666666667
91	1.0
92	0.666666666667
93	0.666666666667
94	1.0
95	1.0
96	1.0
97	0.666666666667
98	0.666666666667
99	0.666666666667
100	0.666666666667
101	1.0
102	0.666666666667
103	0.666666666667
104	0.666666666667
105	0.666666666667
106	0.666666666667
107	0.666666666667
108	0.666666666667
109	0.666666666667
110	0.666666666667
111	0.666666666667
112	0.666666666667
113	0.666666666667
114	0.666666666667
115	0.666666666667
116	0.666666666667
117	0.666666666667
118	0.666666666667
119	0.666666666667
120	0.666666666667
121	0.666666666667
122	0.666666666667
123	1.0
124	0.333333333333
125	1.0
126	0.666666666667
127	0.666666666667
128	0.666666666667
129	0.666666666667
130	0.666666666667
131	1.0
132	0.666666666667
133	0.666666666667
134	1.0
135	1.0
136	0.666666666667
137	1.0
138	1.0
139	0.666666666667
140	1.0
141	0.666666666667
142	1.0
143	0.666666666667
144	0.666666666667
145	1.0
146	0.666666666667
147	1.0
148	0.666666666667
149	1.0
150	1.0
151	0.666666666667
152	1.0
153	0.666666666667
154	0.666666666667
155	1.0
156	1.0
157	1.0
158	0.666666666667
159	1.0
160	0.666666666667
161	1.0
162	0.666666666667
163	0.666666666667
164	1.0
165	0.666666666667
166	0.666666666667
167	1.0
168	0.666666666667
169	0.666666666667
170	1.0
171	1.0
172	1.0
173	1.0
174	0.666666666667
175	0.666666666667
176	1.0
177	0.666666666667
178	0.666666666667
179	0.666666666667
180	0.666666666667
181	0.666666666667
182	0.666666666667
183	1.0
184	0.666666666667
185	1.0
186	1.0
187	1.0
188	1.0
189	0.333333333333
190	0.333333333333
191	0.333333333333
192	0.333333333333
193	0.333333333333
194	0.333333333333
195	0.333333333333
196	0.333333333333
197	0.333333333333
198	0.333333333333
199	0.333333333333
200	0.333333333333
201	0.333333333333
202	0.333333333333
203	0.333333333333
204	0.333333333333
205	0.333333333333
206	0.333333333333
207	0.333333333333
208	0.333333333333
209	0.333333333333
210	0.333333333333
211	0.333333333333
212	0.333333333333
213	0.333333333333
214	0.333333333333
215	0.333333333333
216	0.333333333333
217	0.333333333333
218	0.333333333333
219	0.333333333333
220	0.333333333333
221	0.666666666667
222	1.0
223	1.0
224	0.666666666667
225	0.666666666667
226	0.666666666667
227	0.666666666667
228	1.0
229	0.666666666667
230	0.666666666667
231	1.0
232	0.666666666667
233	0.666666666667
234	1.0
235	0.666666666667
236	0.666666666667
237	1.0
238	0.666666666667
239	1.0
240	1.0
241	0.666666666667
242	0.666666666667
243	1.0
244	1.0
245	1.0
246	0.666666666667
247	0.666666666667
248	1.0
249	0.666666666667
250	1.0
251	0.666666666667
252	0.666666666667
253	0.666666666667
254	0.666666666667
255	0.666666666667
256	0.666666666667
257	0.666666666667
258	0.666666666667
259	0.666666666667
260	0.666666666667
261	0.666666666667
262	0.666666666667
263	1.0
264	1.0
265	0.666666666667
266	0.666666666667
267	0.666666666667
268	1.0
269	1.0
270	0.666666666667
271	0.666666666667
272	0.666666666667
273	0.666666666667
274	1.0
275	0.333333333333
276	0.666666666667
277	0.666666666667
278	0.333333333333
279	0.666666666667
280	0.333333333333
281	0.666666666667
282	0.666666666667
283	1.0
284	1.0
285	1.0
286	0.333333333333
287	0.666666666667
288	1.0
289	1.0
290	1.0
291	0.666666666667
292	0.666666666667
293	0.666666666667
294	0.666666666667
295	0.666666666667
296	1.0
297	1.0
298	0.666666666667
299	1.0
300	0.333333333333
301	0.333333333333
302	0.333333333333
303	0.333333333333
304	0.333333333333
305	0.333333333333
306	0.333333333333
307	0.333333333333
308	0.333333333333
309	0.333333333333
310	0.333333333333
311	1.0
312	0.666666666667
313	1.0
314	0.666666666667
315	0.666666666667
316	0.333333333333
317	1.0
318	1.0
319	1.0
320	0.666666666667
321	0.666666666667
322	1.0
323	1.0
324	0.666666666667
325	0.666666666667
326	0.333333333333
327	0.666666666667
328	0.666666666667
329	0.666666666667
330	1.0
331	1.0
332	0.666666666667
333	0.666666666667
334	0.666666666667
335	1.0
336	0.666666666667
337	0.666666666667
338	0.666666666667
339	0.666666666667
340	1.0
341	0.666666666667
342	0.666666666667
343	1.0
344	0.333333333333
345	0.666666666667
346	0.666666666667
347	0.666666666667
348	1.0
349	0.666666666667
350	1.0
351	0.333333333333
352	0.333333333333
353	0.333333333333
354	0.333333333333
355	0.333333333333
356	0.333333333333
357	0.333333333333
358	0.333333333333
359	0.333333333333
360	0.333333333333
361	0.333333333333
362	0.333333333333
363	0.333333333333
364	0.333333333333
365	0.333333333333
366	0.333333333333
367	0.333333333333
368	0.333333333333
369	0.333333333333
370	0.333333333333
371	0.333333333333
372	0.333333333333
373	0.333333333333
374	0.333333333333
375	0.333333333333
376	0.333333333333
377	0.333333333333
378	0.333333333333
379	0.333333333333
380	0.333333333333
381	0.333333333333
382	0.333333333333
383	0.333333333333
384	0.333333333333
385	0.333333333333
386	0.333333333333
387	0.333333333333
388	0.333333333333
389	0.666666666667
390	0.666666666667
391	0.333333333333
392	0.666666666667
393	0.666666666667
394	0.333333333333
395	0.333333333333
396	0.333333333333
397	0.333333333333
398	0.666666666667
399	0.666666666667
400	0.666666666667
401	0.333333333333
402	0.333333333333
403	0.333333333333
404	0.666666666667
405	0.333333333333
406	0.666666666667
407	0.666666666667
408	0.666666666667
409	0.666666666667
410	0.666666666667
411	0.333333333333
412	0.333333333333
413	0.666666666667
414	0.333333333333
415	0.666666666667
416	0.333333333333
417	0.333333333333
418	0.666666666667
419	0.666666666667
420	0.666666666667
421	0.333333333333
422	0.333333333333
423	0.333333333333
424	0.333333333333
425	0.666666666667
426	0.333333333333
427	0.666666666667
428	0.333333333333
429	0.666666666667
430	0.333333333333
431	0.333333333333
432	0.333333333333
433	0.333333333333
434	0.333333333333
435	0.333333333333
436	0.666666666667
437	0.333333333333
438	0.333333333333
439	0.666666666667
440	0.333333333333
441	1.0
