1	0.666666666667
2	0.333333333333
3	0.0
4	0.0
5	0.333333333333
6	0.333333333333
7	0.333333333333
8	0.333333333333
9	0.333333333333
10	0.333333333333
11	0.333333333333
12	0.333333333333
13	0.333333333333
14	0.333333333333
15	0.333333333333
16	0.333333333333
17	0.333333333333
18	0.333333333333
19	0.333333333333
20	0.333333333333
21	0.333333333333
22	0.333333333333
23	0.333333333333
24	0.333333333333
25	0.333333333333
26	0.333333333333
27	0.333333333333
28	0.666666666667
29	0.666666666667
30	0.666666666667
31	0.666666666667
32	0.666666666667
33	0.333333333333
34	0.333333333333
35	0.666666666667
36	0.0
37	0.333333333333
38	0.333333333333
39	0.333333333333
40	0.333333333333
41	0.333333333333
42	0.333333333333
43	0.333333333333
44	0.333333333333
45	0.333333333333
46	0.333333333333
47	0.333333333333
48	0.333333333333
49	0.333333333333
50	0.333333333333
51	0.333333333333
52	0.333333333333
53	0.333333333333
54	0.333333333333
55	0.333333333333
56	0.333333333333
57	0.333333333333
58	0.333333333333
59	0.333333333333
60	0.333333333333
61	0.333333333333
62	0.333333333333
63	0.333333333333
64	0.333333333333
65	0.333333333333
66	1.0
67	1.0
68	0.666666666667
69	1.0
70	1.0
71	1.0
72	0.666666666667
73	1.0
74	1.0
75	1.0
76	1.0
77	1.0
78	0.666666666667
79	0.666666666667
80	0.666666666667
81	1.0
82	0.666666666667
83	0.333333333333
84	1.0
85	1.0
86	0.666666666667
87	0.666666666667
88	0.666666666667
89	1.0
90	0.666666666667
91	0.666666666667
92	0.666666666667
93	0.666666666667
94	0.666666666667
95	0.666666666667
96	1.0
97	0.666666666667
98	1.0
99	0.666666666667
100	0.666666666667
101	1.0
102	1.0
103	1.0
104	1.0
105	0.666666666667
106	0.666666666667
107	1.0
108	1.0
109	0.666666666667
110	1.0
111	1.0
112	0.666666666667
113	0.666666666667
114	1.0
115	0.666666666667
116	0.666666666667
117	1.0
118	1.0
119	1.0
120	0.666666666667
121	0.666666666667
122	0.666666666667
123	0.666666666667
124	1.0
125	0.666666666667
126	0.666666666667
127	0.666666666667
128	0.666666666667
129	0.666666666667
130	0.666666666667
131	0.666666666667
132	0.666666666667
133	0.666666666667
134	0.666666666667
135	0.666666666667
136	0.666666666667
137	0.666666666667
138	0.666666666667
139	0.666666666667
140	0.666666666667
141	0.666666666667
142	0.666666666667
143	0.666666666667
144	0.666666666667
145	0.666666666667
146	1.0
147	0.333333333333
148	1.0
149	0.666666666667
150	0.666666666667
151	0.666666666667
152	0.666666666667
153	0.666666666667
154	1.0
155	0.666666666667
156	0.666666666667
157	1.0
158	1.0
159	0.666666666667
160	1.0
161	1.0
162	0.666666666667
163	1.0
164	0.666666666667
165	1.0
166	0.666666666667
167	0.666666666667
168	1.0
169	0.666666666667
170	1.0
171	0.666666666667
172	1.0
173	1.0
174	0.666666666667
175	1.0
176	0.666666666667
177	0.666666666667
178	1.0
179	1.0
180	1.0
181	0.666666666667
182	1.0
183	0.666666666667
184	1.0
185	0.666666666667
186	0.666666666667
187	1.0
188	0.666666666667
189	0.666666666667
190	1.0
191	0.666666666667
192	0.666666666667
193	1.0
194	1.0
195	1.0
196	1.0
197	0.666666666667
198	0.666666666667
199	1.0
200	0.333333333333
201	0.333333333333
202	0.333333333333
203	0.333333333333
204	0.333333333333
205	0.333333333333
206	0.333333333333
207	0.333333333333
208	0.333333333333
209	0.333333333333
210	0.333333333333
211	0.333333333333
212	0.333333333333
213	0.333333333333
214	0.333333333333
215	0.0
216	0.0
217	0.0
218	0.0
219	0.0
220	0.0
221	0.0
222	0.0
223	0.0
224	0.0
225	0.0
226	0.0
227	0.0
228	0.333333333333
229	0.333333333333
230	0.333333333333
231	0.333333333333
232	0.333333333333
233	0.333333333333
234	0.333333333333
235	0.333333333333
236	0.333333333333
237	0.333333333333
238	0.333333333333
239	0.333333333333
240	0.333333333333
241	0.333333333333
242	0.333333333333
243	0.333333333333
244	0.333333333333
245	0.333333333333
246	0.333333333333
247	0.333333333333
248	0.333333333333
249	0.333333333333
250	0.333333333333
251	0.333333333333
252	0.333333333333
253	0.333333333333
254	0.333333333333
255	0.333333333333
256	0.333333333333
257	0.333333333333
258	0.333333333333
259	0.333333333333
260	0.333333333333
261	0.333333333333
262	0.333333333333
263	0.333333333333
264	0.333333333333
265	0.333333333333
266	0.333333333333
267	0.333333333333
268	0.333333333333
269	0.333333333333
270	0.333333333333
271	0.333333333333
272	0.333333333333
273	0.333333333333
274	0.333333333333
275	0.333333333333
276	0.333333333333
277	0.333333333333
278	0.333333333333
279	0.666666666667
280	1.0
281	0.666666666667
282	1.0
283	1.0
284	0.666666666667
285	0.666666666667
286	1.0
287	0.666666666667
288	1.0
289	0.666666666667
290	0.666666666667
291	1.0
292	0.666666666667
293	0.666666666667
294	0.666666666667
295	1.0
296	1.0
297	0.666666666667
298	0.666666666667
299	0.666666666667
300	0.666666666667
301	0.666666666667
302	1.0
303	0.333333333333
304	0.333333333333
305	0.333333333333
306	0.333333333333
307	0.333333333333
308	0.333333333333
309	0.333333333333
310	0.333333333333
311	0.333333333333
312	0.333333333333
313	0.333333333333
314	0.333333333333
315	0.333333333333
316	0.333333333333
317	0.333333333333
318	0.333333333333
319	0.333333333333
320	0.333333333333
321	0.333333333333
322	0.333333333333
323	0.333333333333
324	0.333333333333
325	0.333333333333
326	0.333333333333
327	0.333333333333
328	0.333333333333
329	0.333333333333
330	0.333333333333
331	0.333333333333
332	0.333333333333
333	0.333333333333
334	0.333333333333
335	0.333333333333
336	0.333333333333
337	0.333333333333
338	0.333333333333
339	0.333333333333
340	0.333333333333
341	0.333333333333
342	0.333333333333
343	0.333333333333
344	0.333333333333
345	0.333333333333
346	0.333333333333
347	0.333333333333
348	0.333333333333
349	0.333333333333
350	0.333333333333
351	0.333333333333
352	0.333333333333
353	0.333333333333
354	0.333333333333
355	0.333333333333
356	0.333333333333
357	0.333333333333
358	0.333333333333
359	0.333333333333
360	0.333333333333
361	0.333333333333
362	0.333333333333
363	0.333333333333
364	0.333333333333
365	0.333333333333
366	0.333333333333
367	0.333333333333
368	0.0
369	0.0
370	0.0
371	0.0
372	0.0
373	0.0
374	0.0
375	0.0
376	0.0
377	0.0
378	0.0
379	0.0
380	0.0
381	0.333333333333
382	0.333333333333
383	0.333333333333
384	0.333333333333
385	0.333333333333
386	0.333333333333
387	0.333333333333
388	0.333333333333
389	0.333333333333
390	0.333333333333
391	0.333333333333
392	0.333333333333
393	0.333333333333
394	0.333333333333
395	0.333333333333
396	0.0
397	0.0
398	0.0
399	0.0
400	0.0
401	0.0
402	0.0
403	0.0
404	0.0
405	0.0
406	0.0
407	0.0
408	0.0
409	0.0
410	0.0
411	0.0
412	0.0
413	0.0
414	0.0
415	0.0
416	0.0
417	0.0
418	0.0
419	0.333333333333
420	0.333333333333
421	0.333333333333
422	0.333333333333
423	1.0
424	1.0
425	1.0
426	0.333333333333
427	0.666666666667
428	1.0
429	0.666666666667
430	0.666666666667
431	0.666666666667
432	1.0
433	0.666666666667
434	0.666666666667
435	1.0
436	1.0
437	0.666666666667
438	1.0
439	0.666666666667
440	1.0
441	0.666666666667
442	0.666666666667
443	0.666666666667
444	0.666666666667
445	0.666666666667
446	0.666666666667
447	0.666666666667
448	0.666666666667
449	0.666666666667
450	0.666666666667
451	0.666666666667
452	0.333333333333
453	0.666666666667
454	0.666666666667
455	0.666666666667
456	0.666666666667
457	0.666666666667
458	0.666666666667
459	0.666666666667
460	0.666666666667
461	0.666666666667
462	0.666666666667
463	0.666666666667
464	0.666666666667
465	0.333333333333
466	0.333333333333
467	0.333333333333
468	0.333333333333
469	0.333333333333
470	0.333333333333
471	0.333333333333
472	0.333333333333
473	0.666666666667
474	0.666666666667
475	0.666666666667
476	0.333333333333
477	0.666666666667
478	0.666666666667
479	0.666666666667
480	0.666666666667
481	0.666666666667
482	0.666666666667
483	0.666666666667
484	0.666666666667
485	0.666666666667
486	0.666666666667
487	0.666666666667
488	0.666666666667
489	0.666666666667
490	0.666666666667
491	0.666666666667
492	0.666666666667
493	0.666666666667
494	0.666666666667
495	0.333333333333
496	0.666666666667
497	0.666666666667
498	0.666666666667
499	0.666666666667
500	0.666666666667
501	0.666666666667
502	0.666666666667
503	0.666666666667
504	0.333333333333
505	0.333333333333
506	0.333333333333
507	0.666666666667
508	0.666666666667
509	0.666666666667
510	0.666666666667
511	0.666666666667
512	0.666666666667
513	0.666666666667
514	0.666666666667
515	0.666666666667
516	0.666666666667
517	0.666666666667
518	0.666666666667
519	0.666666666667
520	0.666666666667
521	0.666666666667
522	0.666666666667
523	0.333333333333
524	0.333333333333
525	0.666666666667
526	0.666666666667
527	0.666666666667
528	0.666666666667
529	0.666666666667
530	0.333333333333
531	0.333333333333
532	0.333333333333
533	0.333333333333
534	0.333333333333
535	0.333333333333
536	0.333333333333
537	0.333333333333
538	0.333333333333
539	0.333333333333
540	0.333333333333
541	0.333333333333
542	0.333333333333
543	0.333333333333
544	0.666666666667
545	0.333333333333
546	0.666666666667
547	0.333333333333
548	0.666666666667
549	0.333333333333
550	0.666666666667
551	0.333333333333
552	0.333333333333
553	0.333333333333
554	0.666666666667
555	0.333333333333
556	0.333333333333
557	0.333333333333
558	0.333333333333
559	0.666666666667
560	0.333333333333
561	0.666666666667
562	0.333333333333
563	0.666666666667
564	0.333333333333
565	0.333333333333
566	0.333333333333
567	0.333333333333
568	0.333333333333
569	0.333333333333
570	0.333333333333
571	0.333333333333
572	0.333333333333
573	0.333333333333
574	0.333333333333
575	0.333333333333
576	0.333333333333
577	0.333333333333
578	0.333333333333
579	0.333333333333
580	0.333333333333
581	0.333333333333
582	0.333333333333
583	0.333333333333
584	0.333333333333
585	0.333333333333
586	0.333333333333
587	0.333333333333
588	0.333333333333
589	0.333333333333
590	0.333333333333
591	0.333333333333
592	0.666666666667
593	0.333333333333
594	0.666666666667
595	0.333333333333
596	0.666666666667
597	0.333333333333
598	0.333333333333
599	0.333333333333
600	0.333333333333
601	0.333333333333
602	0.333333333333
603	0.333333333333
604	0.333333333333
605	0.333333333333
606	0.333333333333
607	0.333333333333
608	0.333333333333
609	0.333333333333
610	0.333333333333
611	0.333333333333
612	0.333333333333
613	0.333333333333
614	0.0
615	0.0
616	0.0
617	0.0
618	0.0
619	0.0
620	0.0
621	0.0
622	0.333333333333
623	1.0
