1	0.333333333333
2	0.333333333333
3	0.333333333333
4	0.333333333333
5	0.333333333333
6	0.333333333333
7	0.333333333333
8	0.333333333333
9	0.333333333333
10	0.333333333333
11	0.333333333333
12	0.333333333333
13	0.333333333333
14	0.166666666667
15	0.5
16	0.5
17	0.5
18	0.333333333333
19	0.5
20	0.5
21	0.5
22	0.5
23	0.333333333333
24	0.5
25	0.5
26	0.5
27	0.5
28	0.5
29	0.5
30	0.5
31	0.333333333333
32	0.333333333333
33	0.166666666667
34	0.333333333333
35	0.5
36	0.5
37	0.5
38	0.5
39	0.5
40	0.5
41	0.333333333333
42	0.5
43	0.5
44	0.5
45	0.5
46	0.666666666667
47	0.666666666667
48	0.666666666667
49	0.666666666667
50	0.666666666667
51	0.666666666667
52	0.666666666667
53	0.666666666667
54	0.666666666667
55	0.666666666667
56	0.833333333333
57	0.833333333333
58	0.833333333333
59	0.833333333333
60	0.833333333333
61	0.833333333333
62	0.833333333333
63	0.833333333333
64	0.833333333333
65	0.833333333333
66	0.833333333333
67	0.833333333333
68	0.833333333333
69	0.5
70	0.833333333333
71	0.833333333333
72	0.833333333333
73	0.666666666667
74	0.666666666667
75	0.833333333333
76	0.833333333333
77	0.833333333333
78	0.833333333333
79	0.833333333333
80	0.5
81	0.833333333333
82	0.833333333333
83	0.833333333333
84	0.833333333333
85	0.833333333333
86	0.833333333333
87	0.833333333333
88	0.833333333333
89	0.833333333333
90	0.666666666667
91	0.833333333333
92	0.833333333333
93	0.666666666667
94	0.333333333333
95	0.833333333333
96	0.833333333333
97	0.833333333333
98	0.666666666667
99	0.666666666667
100	0.833333333333
101	0.833333333333
102	0.833333333333
103	0.833333333333
104	0.833333333333
105	0.833333333333
106	0.833333333333
107	0.833333333333
108	0.833333333333
109	0.833333333333
110	0.833333333333
111	0.833333333333
112	0.833333333333
113	0.833333333333
114	0.833333333333
115	0.833333333333
116	0.833333333333
117	0.833333333333
118	0.833333333333
119	0.833333333333
120	0.833333333333
121	0.833333333333
122	0.833333333333
123	0.5
124	0.833333333333
125	0.833333333333
126	0.833333333333
127	0.833333333333
128	0.833333333333
129	0.833333333333
130	0.833333333333
131	0.833333333333
132	0.833333333333
133	0.833333333333
134	0.833333333333
135	0.833333333333
136	0.833333333333
137	0.833333333333
138	0.833333333333
139	0.833333333333
140	0.833333333333
141	0.833333333333
142	0.833333333333
143	0.833333333333
144	0.5
145	0.833333333333
146	0.833333333333
147	0.666666666667
148	0.833333333333
149	0.833333333333
150	0.833333333333
151	0.833333333333
152	0.833333333333
153	0.666666666667
154	0.833333333333
155	0.833333333333
156	0.833333333333
157	0.833333333333
158	0.833333333333
159	0.833333333333
160	0.833333333333
161	0.833333333333
162	0.833333333333
163	0.833333333333
164	0.833333333333
165	0.833333333333
166	0.833333333333
167	0.833333333333
168	0.833333333333
169	0.833333333333
170	0.833333333333
171	0.833333333333
172	0.666666666667
173	0.833333333333
174	0.5
175	0.833333333333
176	0.833333333333
177	0.833333333333
178	0.833333333333
179	0.833333333333
180	0.666666666667
181	0.833333333333
182	0.833333333333
183	0.833333333333
184	0.666666666667
185	0.666666666667
186	0.833333333333
187	0.833333333333
188	0.833333333333
189	0.833333333333
190	1.0
191	0.833333333333
192	1.0
193	1.0
194	1.0
195	1.0
196	0.833333333333
197	0.833333333333
198	1.0
199	0.833333333333
200	0.833333333333
201	0.833333333333
202	0.833333333333
203	0.833333333333
204	0.833333333333
205	0.833333333333
206	0.666666666667
207	0.833333333333
208	0.833333333333
209	0.833333333333
210	0.833333333333
211	0.833333333333
212	0.666666666667
213	0.833333333333
214	0.833333333333
215	1.0
216	0.666666666667
217	1.0
218	1.0
219	1.0
220	1.0
221	1.0
222	0.833333333333
223	0.833333333333
224	1.0
225	0.833333333333
226	0.833333333333
227	0.5
228	0.833333333333
229	0.833333333333
230	0.833333333333
231	0.5
232	0.333333333333
233	0.666666666667
234	0.666666666667
235	0.666666666667
236	0.666666666667
237	0.666666666667
238	0.5
239	0.666666666667
240	0.833333333333
241	0.833333333333
242	0.833333333333
243	0.833333333333
244	0.833333333333
245	0.666666666667
246	0.833333333333
247	0.833333333333
248	0.833333333333
249	0.833333333333
250	0.833333333333
251	0.833333333333
252	0.833333333333
253	0.833333333333
254	0.833333333333
255	0.833333333333
256	0.833333333333
257	0.666666666667
258	0.833333333333
259	0.833333333333
260	0.833333333333
261	0.833333333333
262	0.833333333333
263	0.833333333333
264	0.833333333333
265	0.833333333333
266	0.833333333333
267	0.833333333333
268	0.666666666667
269	0.833333333333
270	0.666666666667
271	0.833333333333
272	0.666666666667
273	0.833333333333
274	0.833333333333
275	0.833333333333
276	0.833333333333
277	0.666666666667
278	0.833333333333
279	0.833333333333
280	0.833333333333
281	0.833333333333
282	0.833333333333
283	0.833333333333
284	0.833333333333
285	0.833333333333
286	0.833333333333
287	0.833333333333
288	0.833333333333
289	0.833333333333
290	0.833333333333
291	0.666666666667
292	0.833333333333
293	0.666666666667
294	0.666666666667
295	0.666666666667
296	0.666666666667
297	0.666666666667
298	0.666666666667
299	0.666666666667
300	0.666666666667
301	0.666666666667
302	0.333333333333
303	0.666666666667
304	0.666666666667
305	0.666666666667
306	0.666666666667
307	0.666666666667
308	0.5
309	0.666666666667
310	0.5
311	0.666666666667
312	0.666666666667
313	0.833333333333
314	0.833333333333
315	0.833333333333
316	0.833333333333
317	0.666666666667
318	0.833333333333
319	0.666666666667
320	0.833333333333
321	0.666666666667
322	0.833333333333
323	0.666666666667
324	0.666666666667
325	0.666666666667
326	0.5
327	0.833333333333
328	0.833333333333
329	0.833333333333
330	0.833333333333
331	0.833333333333
332	0.833333333333
333	0.833333333333
334	0.833333333333
335	0.833333333333
336	0.833333333333
337	0.833333333333
338	0.833333333333
339	0.833333333333
340	0.833333333333
341	0.833333333333
342	0.833333333333
343	0.833333333333
344	0.833333333333
345	0.833333333333
346	0.5
347	0.833333333333
348	0.833333333333
349	1.0
350	1.0
351	1.0
352	1.0
353	1.0
354	1.0
355	1.0
356	1.0
357	1.0
358	1.0
359	1.0
360	1.0
361	1.0
362	1.0
363	1.0
364	1.0
365	1.0
366	0.666666666667
367	1.0
368	1.0
369	0.666666666667
370	1.0
371	1.0
372	1.0
373	1.0
374	1.0
375	0.833333333333
376	1.0
377	1.0
378	1.0
379	1.0
380	0.833333333333
381	1.0
382	1.0
383	1.0
384	0.833333333333
385	0.666666666667
386	0.833333333333
387	1.0
388	0.666666666667
389	1.0
390	1.0
391	1.0
392	1.0
393	1.0
394	1.0
395	1.0
396	1.0
397	0.833333333333
398	0.833333333333
399	1.0
400	1.0
401	0.833333333333
402	0.666666666667
403	0.833333333333
404	0.833333333333
405	0.833333333333
406	1.0
407	0.833333333333
408	1.0
409	1.0
410	0.833333333333
411	0.666666666667
412	0.833333333333
413	0.5
414	0.666666666667
415	0.666666666667
416	0.833333333333
417	0.833333333333
418	0.833333333333
419	0.666666666667
420	0.666666666667
421	0.833333333333
422	0.833333333333
423	0.833333333333
424	0.833333333333
425	0.666666666667
426	0.833333333333
427	0.833333333333
428	0.833333333333
429	0.833333333333
430	0.5
431	0.5
432	0.833333333333
433	0.666666666667
434	0.833333333333
435	0.833333333333
436	0.833333333333
437	0.833333333333
438	0.833333333333
439	0.833333333333
440	0.833333333333
441	0.666666666667
442	0.833333333333
443	0.833333333333
444	0.666666666667
445	0.5
446	0.833333333333
447	0.833333333333
448	0.833333333333
449	0.833333333333
450	0.833333333333
451	0.666666666667
452	0.833333333333
453	0.833333333333
454	0.833333333333
455	0.833333333333
456	0.833333333333
457	0.666666666667
458	0.833333333333
459	0.666666666667
460	0.5
461	0.666666666667
462	0.666666666667
463	0.666666666667
464	0.666666666667
465	0.5
466	0.666666666667
467	0.5
468	0.666666666667
469	0.666666666667
470	0.666666666667
471	0.666666666667
472	0.666666666667
473	0.666666666667
474	0.666666666667
475	0.666666666667
476	0.666666666667
477	0.666666666667
478	0.666666666667
479	0.5
480	0.5
481	0.5
482	0.5
483	0.5
484	0.5
485	0.5
486	0.5
487	0.5
488	0.5
489	0.5
490	0.5
491	0.5
492	0.5
493	0.333333333333
494	0.5
495	0.5
496	0.5
497	0.5
498	0.5
499	0.5
500	0.333333333333
501	0.5
502	0.333333333333
503	0.5
504	0.5
505	0.5
506	0.5
507	0.5
508	0.166666666667
509	0.333333333333
510	0.333333333333
511	0.333333333333
512	0.333333333333
513	0.333333333333
514	0.333333333333
515	0.333333333333
516	0.333333333333
517	0.166666666667
518	0.333333333333
519	0.333333333333
520	0.333333333333
521	0.333333333333
522	0.333333333333
523	0.333333333333
524	0.333333333333
525	0.333333333333
526	0.333333333333
527	0.333333333333
528	0.333333333333
529	0.333333333333
530	0.333333333333
531	0.333333333333
532	0.333333333333
533	0.333333333333
534	0.166666666667
535	0.333333333333
536	0.333333333333
537	0.333333333333
538	0.333333333333
539	0.333333333333
540	0.333333333333
541	0.333333333333
542	0.333333333333
543	0.166666666667
544	0.333333333333
545	0.333333333333
546	0.333333333333
547	0.333333333333
548	0.166666666667
549	0.333333333333
550	0.333333333333
551	0.333333333333
552	0.333333333333
553	0.333333333333
554	0.333333333333
555	0.333333333333
556	0.333333333333
557	0.333333333333
558	0.333333333333
559	0.333333333333
560	0.333333333333
561	0.333333333333
562	0.333333333333
563	0.333333333333
564	0.333333333333
565	0.333333333333
566	0.333333333333
567	0.333333333333
568	0.333333333333
569	0.333333333333
570	0.333333333333
571	0.333333333333
572	0.333333333333
573	0.333333333333
574	0.333333333333
575	0.333333333333
576	0.333333333333
577	0.333333333333
578	0.333333333333
579	0.333333333333
580	0.333333333333
581	0.333333333333
582	0.333333333333
583	0.333333333333
584	0.333333333333
585	0.333333333333
586	0.333333333333
587	0.333333333333
588	0.333333333333
589	0.333333333333
590	0.333333333333
591	0.333333333333
592	0.333333333333
593	0.333333333333
594	0.333333333333
595	0.333333333333
596	0.333333333333
597	0.333333333333
598	0.333333333333
599	0.333333333333
600	0.333333333333
601	0.333333333333
602	0.333333333333
603	0.333333333333
604	0.166666666667
605	0.333333333333
606	0.333333333333
607	0.333333333333
608	0.333333333333
609	0.333333333333
610	0.333333333333
611	0.333333333333
612	0.333333333333
613	0.333333333333
614	0.333333333333
615	0.333333333333
616	0.333333333333
617	0.333333333333
618	0.333333333333
619	0.333333333333
620	0.333333333333
621	0.333333333333
622	0.166666666667
623	0.333333333333
624	0.333333333333
625	0.333333333333
626	0.333333333333
627	0.333333333333
628	0.333333333333
629	0.333333333333
630	0.333333333333
631	0.333333333333
632	0.333333333333
633	0.333333333333
634	0.333333333333
635	0.333333333333
636	0.333333333333
637	0.333333333333
638	0.333333333333
639	0.333333333333
640	0.333333333333
641	0.333333333333
642	0.333333333333
643	0.333333333333
644	0.333333333333
645	0.333333333333
646	0.333333333333
647	0.333333333333
648	0.333333333333
649	0.333333333333
650	0.333333333333
651	0.333333333333
652	0.333333333333
653	0.333333333333
654	0.333333333333
655	0.333333333333
