1	0.222222222222
2	0.222222222222
3	0.277777777778
4	0.222222222222
5	0.166666666667
6	0.166666666667
7	0.222222222222
8	0.166666666667
9	0.0555555555556
10	0.0555555555556
11	0.111111111111
12	0.111111111111
13	0.111111111111
14	0.111111111111
15	0.111111111111
16	0.111111111111
17	0.111111111111
18	0.111111111111
19	0.166666666667
20	0.111111111111
21	0.111111111111
22	0.111111111111
23	0.111111111111
24	0.0555555555556
25	0.0555555555556
26	0.111111111111
27	0.111111111111
28	0.111111111111
29	0.166666666667
30	0.111111111111
31	0.111111111111
32	0.111111111111
33	0.111111111111
34	0.166666666667
35	0.166666666667
36	0.166666666667
37	0.111111111111
38	0.166666666667
39	0.111111111111
40	0.222222222222
41	0.111111111111
42	0.0555555555556
43	0.0555555555556
44	0.111111111111
45	0.111111111111
46	0.0555555555556
47	0.0555555555556
48	0.0555555555556
49	0.0555555555556
50	0.0555555555556
51	0.111111111111
52	0.0555555555556
53	0.0555555555556
54	0.111111111111
55	0.111111111111
56	0.111111111111
57	0.111111111111
58	0.0555555555556
59	0.111111111111
60	0.111111111111
61	0.0555555555556
62	0.111111111111
63	0.0555555555556
64	0.0555555555556
65	0.111111111111
66	0.111111111111
67	0.111111111111
68	0.166666666667
69	0.166666666667
70	0.111111111111
71	0.111111111111
72	0.111111111111
73	0.111111111111
74	0.0555555555556
75	0.111111111111
76	0.111111111111
77	0.166666666667
78	0.111111111111
79	0.111111111111
80	0.111111111111
81	0.166666666667
82	0.111111111111
83	0.166666666667
84	0.166666666667
85	0.111111111111
86	0.0555555555556
87	0.111111111111
88	0.111111111111
89	0.166666666667
90	0.222222222222
91	0.111111111111
92	0.111111111111
93	0.222222222222
94	0.277777777778
95	0.111111111111
96	0.277777777778
97	0.222222222222
98	0.166666666667
99	0.166666666667
100	0.111111111111
101	0.111111111111
102	0.111111111111
103	0.111111111111
104	0.111111111111
105	0.111111111111
106	0.166666666667
107	0.111111111111
108	0.111111111111
109	0.111111111111
110	0.166666666667
111	0.111111111111
112	0.111111111111
113	0.166666666667
114	0.166666666667
115	0.166666666667
116	0.0555555555556
117	0.111111111111
118	0.0555555555556
119	0.111111111111
120	0.111111111111
121	0.111111111111
122	0.0555555555556
123	0.111111111111
124	0.111111111111
125	0.111111111111
126	0.111111111111
127	0.111111111111
128	0.166666666667
129	0.0555555555556
130	0.0555555555556
131	0.166666666667
132	0.111111111111
133	0.111111111111
134	0.0555555555556
135	0.111111111111
136	0.111111111111
137	0.111111111111
138	0.166666666667
139	0.0555555555556
140	0.166666666667
141	0.166666666667
142	0.166666666667
143	0.111111111111
144	0.111111111111
145	0.111111111111
146	0.111111111111
147	0.166666666667
148	0.166666666667
149	0.111111111111
150	0.111111111111
151	0.111111111111
152	0.166666666667
153	0.0555555555556
154	0.0555555555556
155	0.0555555555556
156	0.111111111111
157	0.0555555555556
158	0.0555555555556
159	0.111111111111
160	0.0555555555556
161	0.111111111111
162	0.111111111111
163	0.0555555555556
164	0.0555555555556
165	0.111111111111
166	0.111111111111
167	0.0555555555556
168	0.0555555555556
169	0.0555555555556
170	0.0555555555556
171	0.0555555555556
172	0.0555555555556
173	0.0555555555556
174	0.111111111111
175	0.0555555555556
176	0.0555555555556
177	0.0555555555556
178	0.0555555555556
179	0.0555555555556
180	0.0555555555556
181	0.111111111111
182	0.111111111111
183	0.111111111111
184	0.111111111111
185	0.0555555555556
186	0.0555555555556
187	0.0555555555556
188	0.0555555555556
189	0.111111111111
190	0.111111111111
191	0.0555555555556
192	0.111111111111
193	0.0555555555556
194	0.111111111111
195	0.0555555555556
196	0.111111111111
197	0.111111111111
198	0.111111111111
199	0.0555555555556
200	0.0555555555556
201	0.0555555555556
202	0.111111111111
203	0.0555555555556
204	0.111111111111
205	0.0555555555556
206	0.0555555555556
207	0.0555555555556
208	0.111111111111
209	0.111111111111
210	0.111111111111
211	0.111111111111
212	0.111111111111
213	0.0555555555556
214	0.0555555555556
215	0.111111111111
216	0.111111111111
217	0.0555555555556
218	0.111111111111
219	0.111111111111
220	0.0555555555556
221	0.111111111111
222	0.0555555555556
223	0.111111111111
224	0.111111111111
225	0.0555555555556
226	0.111111111111
227	0.0555555555556
228	0.0555555555556
229	0.111111111111
230	0.111111111111
231	0.111111111111
232	0.0555555555556
233	0.111111111111
234	0.0555555555556
235	0.111111111111
236	0.0555555555556
237	0.111111111111
238	0.111111111111
239	0.111111111111
240	0.0555555555556
241	0.0555555555556
242	0.0555555555556
243	0.0555555555556
244	0.0555555555556
245	0.0555555555556
246	0.0555555555556
247	0.0555555555556
248	0.0555555555556
249	0.111111111111
250	0.111111111111
251	0.0555555555556
252	0.0555555555556
253	0.111111111111
254	0.0555555555556
255	0.111111111111
256	0.0555555555556
257	0.0555555555556
258	0.111111111111
259	0.0555555555556
260	0.111111111111
261	0.111111111111
262	0.0555555555556
263	0.0555555555556
264	0.0555555555556
265	0.0555555555556
266	0.0555555555556
267	0.0555555555556
268	0.0555555555556
269	0.0555555555556
270	0.0555555555556
271	0.0555555555556
272	0.111111111111
273	0.0555555555556
274	0.111111111111
275	0.111111111111
276	0.0555555555556
277	0.111111111111
278	0.111111111111
279	0.0555555555556
280	0.0555555555556
281	0.0555555555556
282	0.0555555555556
283	0.0555555555556
284	0.0555555555556
285	0.0555555555556
286	0.0555555555556
287	0.0555555555556
288	0.0555555555556
289	0.0555555555556
290	0.0555555555556
291	0.0555555555556
292	0.0555555555556
293	0.0555555555556
294	0.0555555555556
295	0.0555555555556
296	0.0555555555556
297	0.0555555555556
298	0.0555555555556
299	0.166666666667
300	0.166666666667
301	0.111111111111
302	0.222222222222
303	0.111111111111
304	0.166666666667
305	0.111111111111
306	0.222222222222
307	0.166666666667
308	0.111111111111
309	0.166666666667
310	0.222222222222
311	0.166666666667
312	0.222222222222
313	0.166666666667
314	0.111111111111
315	0.166666666667
316	0.166666666667
317	0.166666666667
318	0.166666666667
319	0.222222222222
320	0.222222222222
321	0.222222222222
322	0.333333333333
323	0.222222222222
324	0.222222222222
325	0.277777777778
326	0.222222222222
327	0.222222222222
328	0.111111111111
329	0.111111111111
330	0.222222222222
331	0.222222222222
332	0.166666666667
333	0.166666666667
334	0.166666666667
335	0.222222222222
336	0.166666666667
337	0.222222222222
338	0.166666666667
339	0.166666666667
340	0.222222222222
341	0.166666666667
342	0.166666666667
343	0.166666666667
344	0.222222222222
345	0.111111111111
346	0.0555555555556
347	0.111111111111
348	0.111111111111
349	0.0555555555556
350	0.111111111111
351	0.0555555555556
352	0.0555555555556
353	0.222222222222
354	0.166666666667
355	0.166666666667
356	0.166666666667
357	0.222222222222
358	0.166666666667
359	0.166666666667
360	0.166666666667
361	0.166666666667
362	0.222222222222
363	0.166666666667
364	0.111111111111
365	0.222222222222
366	0.0555555555556
367	0.0555555555556
368	0.0555555555556
369	0.0555555555556
370	0.0555555555556
371	0.0555555555556
372	0.0555555555556
373	0.0555555555556
374	0.0555555555556
375	0.0555555555556
376	0.0555555555556
377	0.0555555555556
378	0.0555555555556
379	0.0555555555556
380	0.0555555555556
381	0.0555555555556
382	0.0555555555556
383	0.0555555555556
384	0.0555555555556
385	0.0555555555556
386	0.0555555555556
387	0.0555555555556
388	0.0555555555556
389	0.0555555555556
390	0.0555555555556
391	0.0555555555556
392	0.0555555555556
393	0.166666666667
394	0.111111111111
395	0.277777777778
396	0.222222222222
397	0.333333333333
398	0.277777777778
399	0.222222222222
400	0.277777777778
401	0.444444444444
402	0.333333333333
403	0.333333333333
404	0.333333333333
405	0.277777777778
406	0.277777777778
407	0.222222222222
408	0.277777777778
409	0.333333333333
410	0.277777777778
411	0.166666666667
412	0.0555555555556
413	0.0555555555556
414	0.0555555555556
415	0.0555555555556
416	0.0555555555556
417	0.0555555555556
418	0.111111111111
419	0.111111111111
420	0.0555555555556
421	0.0555555555556
422	0.0555555555556
423	0.0555555555556
424	0.0555555555556
425	0.0555555555556
426	0.0555555555556
427	0.0555555555556
428	0.0555555555556
429	0.111111111111
430	0.0555555555556
431	0.0555555555556
432	0.0555555555556
433	0.0555555555556
434	0.111111111111
435	0.0555555555556
436	0.0555555555556
437	0.111111111111
438	0.111111111111
439	0.0555555555556
440	0.0555555555556
441	0.0555555555556
442	0.111111111111
443	0.0555555555556
444	0.0555555555556
445	0.0555555555556
446	0.111111111111
447	0.111111111111
448	0.0555555555556
449	0.111111111111
450	0.0555555555556
451	0.0555555555556
452	0.111111111111
453	0.0555555555556
454	0.0555555555556
455	0.0555555555556
456	0.0555555555556
457	0.0555555555556
458	0.0555555555556
459	0.0555555555556
460	0.0555555555556
461	0.111111111111
462	0.111111111111
463	0.0555555555556
464	0.0555555555556
465	0.111111111111
466	0.111111111111
467	0.111111111111
468	0.111111111111
469	0.111111111111
470	0.111111111111
471	0.0555555555556
472	0.111111111111
473	0.111111111111
474	0.111111111111
475	0.111111111111
476	0.111111111111
477	0.111111111111
478	0.111111111111
479	0.111111111111
480	0.111111111111
481	0.0555555555556
482	0.0555555555556
483	0.0555555555556
484	0.111111111111
485	0.111111111111
486	0.0555555555556
487	0.0555555555556
488	0.111111111111
489	0.111111111111
490	0.0555555555556
491	0.0555555555556
492	0.0555555555556
493	0.0555555555556
494	0.0555555555556
495	0.0555555555556
496	0.0555555555556
497	0.0555555555556
498	0.0555555555556
499	0.0555555555556
500	0.0555555555556
501	0.0555555555556
502	0.0555555555556
503	0.0555555555556
504	0.0555555555556
505	0.0555555555556
506	0.0555555555556
507	0.0555555555556
508	0.0555555555556
509	0.0555555555556
510	0.0555555555556
511	0.111111111111
512	0.111111111111
513	0.0555555555556
514	0.111111111111
515	0.0555555555556
516	0.111111111111
517	0.0555555555556
518	0.166666666667
519	0.111111111111
520	0.111111111111
521	0.111111111111
522	0.111111111111
523	0.111111111111
524	0.166666666667
525	0.111111111111
526	0.166666666667
527	0.111111111111
528	0.166666666667
529	0.222222222222
530	0.222222222222
531	0.111111111111
532	0.222222222222
533	0.166666666667
534	0.222222222222
535	0.166666666667
536	0.111111111111
537	0.166666666667
538	0.166666666667
539	0.111111111111
540	0.166666666667
541	0.222222222222
542	0.166666666667
543	0.166666666667
544	0.166666666667
545	0.166666666667
546	0.166666666667
547	0.166666666667
548	0.111111111111
549	0.111111111111
550	0.111111111111
551	0.111111111111
552	0.111111111111
553	0.111111111111
554	0.111111111111
555	0.111111111111
556	0.166666666667
557	0.166666666667
558	0.111111111111
559	0.111111111111
560	0.111111111111
561	0.111111111111
562	0.166666666667
563	0.111111111111
564	0.111111111111
565	0.0555555555556
566	0.166666666667
567	0.166666666667
568	0.166666666667
569	0.111111111111
570	0.166666666667
571	0.111111111111
572	0.166666666667
573	0.111111111111
574	0.111111111111
575	0.111111111111
576	0.111111111111
577	0.111111111111
578	0.111111111111
579	0.166666666667
580	0.0555555555556
581	0.0555555555556
582	0.0555555555556
583	0.111111111111
584	0.166666666667
585	0.166666666667
586	0.166666666667
587	0.166666666667
588	0.111111111111
589	0.166666666667
590	0.388888888889
591	0.222222222222
592	0.277777777778
593	0.277777777778
594	0.388888888889
595	0.388888888889
596	0.277777777778
597	0.277777777778
598	0.0555555555556
599	0.0555555555556
600	0.0555555555556
601	0.0555555555556
602	0.0555555555556
603	0.0555555555556
604	0.0555555555556
605	0.0555555555556
606	0.0555555555556
607	0.0555555555556
608	0.0555555555556
609	0.0555555555556
610	0.0555555555556
611	0.0555555555556
612	0.0555555555556
613	0.0555555555556
614	0.0555555555556
615	0.0555555555556
616	0.0555555555556
617	0.0555555555556
618	0.0555555555556
619	0.0555555555556
620	0.0555555555556
621	0.0555555555556
622	0.0555555555556
623	0.0555555555556
624	0.0555555555556
625	0.0555555555556
626	0.0555555555556
627	0.0555555555556
628	0.0555555555556
629	0.0555555555556
630	0.0555555555556
631	0.0555555555556
632	0.0555555555556
633	0.0555555555556
634	0.0555555555556
635	0.0555555555556
636	0.0555555555556
637	0.0555555555556
638	0.0555555555556
639	0.0555555555556
640	0.0555555555556
641	0.0555555555556
642	0.0555555555556
643	0.0555555555556
644	0.0555555555556
645	0.0555555555556
646	0.0555555555556
647	0.0555555555556
648	0.0555555555556
649	0.0555555555556
650	0.0555555555556
651	0.0555555555556
652	0.0555555555556
653	0.0555555555556
654	0.0555555555556
655	0.222222222222
656	0.277777777778
657	0.333333333333
658	0.333333333333
659	0.333333333333
660	0.222222222222
661	0.333333333333
662	0.166666666667
663	0.166666666667
664	0.388888888889
665	0.222222222222
666	0.333333333333
667	0.222222222222
668	0.333333333333
669	0.277777777778
670	0.444444444444
671	0.388888888889
672	0.444444444444
673	0.166666666667
674	0.166666666667
675	0.222222222222
676	0.0555555555556
677	0.0555555555556
678	0.0555555555556
679	0.0555555555556
680	0.0555555555556
681	0.0555555555556
682	0.0555555555556
683	0.0555555555556
684	0.0555555555556
685	0.0555555555556
686	0.0555555555556
687	0.0555555555556
688	0.0555555555556
689	0.0555555555556
690	0.0555555555556
691	0.0555555555556
692	0.0555555555556
693	0.0555555555556
694	0.0555555555556
695	0.0555555555556
696	0.0555555555556
697	0.0555555555556
698	0.0555555555556
699	0.0555555555556
700	0.0555555555556
701	0.0555555555556
702	0.0555555555556
703	0.0555555555556
704	0.0555555555556
705	0.0555555555556
706	0.0555555555556
707	0.0555555555556
708	0.0555555555556
709	0.0555555555556
710	0.0555555555556
711	0.0555555555556
712	0.0555555555556
713	0.0555555555556
714	0.0555555555556
715	0.0555555555556
716	0.0555555555556
717	0.0555555555556
718	0.0555555555556
719	0.0555555555556
720	0.0555555555556
721	0.0555555555556
722	0.0555555555556
723	0.0555555555556
724	0.0555555555556
725	0.0555555555556
726	0.0555555555556
727	0.0555555555556
728	0.0555555555556
729	0.0555555555556
730	0.0555555555556
731	0.0555555555556
732	0.0555555555556
733	0.111111111111
734	0.166666666667
735	0.166666666667
736	0.166666666667
737	0.111111111111
738	0.111111111111
739	0.111111111111
740	0.0555555555556
741	0.0555555555556
742	0.0555555555556
743	0.0555555555556
744	0.0555555555556
745	0.0555555555556
746	0.0555555555556
747	0.0555555555556
748	0.0555555555556
749	0.0555555555556
750	0.0555555555556
751	0.0555555555556
752	0.0555555555556
753	0.0555555555556
754	0.0555555555556
755	0.0555555555556
756	0.0555555555556
757	0.0555555555556
758	0.0555555555556
759	0.0555555555556
760	0.0555555555556
761	0.0555555555556
762	0.0555555555556
763	0.0555555555556
764	0.0555555555556
765	0.0555555555556
766	0.111111111111
767	0.166666666667
768	0.0555555555556
769	0.166666666667
770	0.222222222222
771	0.111111111111
772	0.166666666667
773	0.222222222222
774	0.444444444444
775	0.277777777778
776	0.277777777778
777	0.444444444444
778	0.222222222222
779	0.388888888889
780	0.222222222222
781	0.277777777778
782	0.277777777778
783	0.444444444444
784	0.5
785	0.5
786	0.444444444444
787	0.388888888889
788	0.333333333333
789	0.333333333333
790	0.166666666667
791	0.333333333333
792	0.0555555555556
793	0.0555555555556
794	0.0555555555556
795	0.0555555555556
796	0.0555555555556
797	0.0555555555556
798	0.0555555555556
799	0.0555555555556
800	0.0555555555556
801	0.0555555555556
802	0.0555555555556
803	0.0555555555556
804	0.0555555555556
805	0.0555555555556
806	0.0555555555556
807	0.0555555555556
808	0.0555555555556
809	0.0555555555556
810	0.0555555555556
811	0.0555555555556
812	0.0555555555556
813	0.0555555555556
814	0.0555555555556
815	0.0555555555556
816	0.0555555555556
817	0.0555555555556
818	0.0555555555556
819	0.0555555555556
820	0.111111111111
821	0.111111111111
822	0.0555555555556
823	0.0555555555556
824	0.111111111111
825	0.0555555555556
826	0.0555555555556
827	0.111111111111
828	0.111111111111
829	0.0555555555556
830	0.0555555555556
831	0.111111111111
832	0.111111111111
833	0.0555555555556
834	0.0555555555556
835	0.0555555555556
836	0.0555555555556
837	0.0555555555556
838	0.0555555555556
839	0.0555555555556
840	0.0555555555556
841	0.0555555555556
842	0.0555555555556
843	0.0555555555556
844	0.0555555555556
845	0.0555555555556
846	0.0555555555556
847	0.0555555555556
848	0.0555555555556
849	0.0555555555556
850	0.0555555555556
851	0.0555555555556
852	0.0555555555556
853	0.111111111111
854	0.111111111111
855	0.0555555555556
856	0.111111111111
857	0.111111111111
858	0.111111111111
859	0.111111111111
860	0.111111111111
861	0.111111111111
862	0.111111111111
863	0.111111111111
864	0.111111111111
865	0.0555555555556
866	0.111111111111
867	0.111111111111
868	0.333333333333
869	0.444444444444
870	0.277777777778
871	0.5
872	0.277777777778
873	0.5
874	0.222222222222
875	0.277777777778
876	0.166666666667
877	0.222222222222
878	0.333333333333
879	0.611111111111
880	0.333333333333
881	0.444444444444
882	0.333333333333
883	0.555555555556
884	0.333333333333
885	0.388888888889
886	0.611111111111
887	0.222222222222
888	0.277777777778
889	0.333333333333
890	0.333333333333
891	0.0555555555556
892	0.0555555555556
893	0.0555555555556
894	0.0555555555556
895	0.0555555555556
896	0.0555555555556
897	0.555555555556
898	0.555555555556
899	0.611111111111
900	0.611111111111
901	0.666666666667
902	0.5
903	0.555555555556
904	0.666666666667
905	0.666666666667
906	0.611111111111
907	0.611111111111
908	0.555555555556
909	0.388888888889
910	0.444444444444
911	0.5
912	0.444444444444
913	0.666666666667
914	0.333333333333
915	0.388888888889
916	0.5
917	0.5
918	0.222222222222
919	0.388888888889
920	0.444444444444
921	0.388888888889
922	0.277777777778
923	0.277777777778
924	0.444444444444
925	0.444444444444
926	0.5
927	0.444444444444
928	0.444444444444
929	0.333333333333
930	0.5
931	0.5
932	0.444444444444
933	0.388888888889
934	0.444444444444
935	0.388888888889
936	0.388888888889
937	0.333333333333
938	0.388888888889
939	0.222222222222
940	0.333333333333
941	0.388888888889
942	0.277777777778
943	0.277777777778
944	0.388888888889
945	0.0555555555556
946	0.0555555555556
947	0.0555555555556
948	0.0555555555556
949	0.0555555555556
950	0.0555555555556
951	0.0555555555556
952	0.0555555555556
953	0.0555555555556
954	0.0555555555556
955	0.0555555555556
956	0.0555555555556
957	0.0555555555556
958	0.0555555555556
959	0.0555555555556
960	0.0555555555556
961	0.0555555555556
962	0.0555555555556
963	0.0555555555556
964	0.0555555555556
965	0.0555555555556
966	0.0555555555556
967	0.0555555555556
968	0.0555555555556
969	0.0555555555556
970	0.0555555555556
971	0.0555555555556
972	0.0555555555556
973	0.0555555555556
974	0.0555555555556
975	0.0555555555556
976	0.0555555555556
977	0.0555555555556
978	0.0555555555556
979	0.0555555555556
980	0.0555555555556
981	0.0555555555556
982	0.0555555555556
983	0.0555555555556
984	0.0555555555556
985	0.0555555555556
986	0.0555555555556
987	0.0555555555556
988	0.0555555555556
989	0.0555555555556
990	0.0555555555556
991	0.0555555555556
992	0.0555555555556
993	0.0555555555556
994	0.0555555555556
995	0.0555555555556
996	0.0555555555556
997	0.0555555555556
998	0.0555555555556
999	0.0555555555556
1000	0.0555555555556
1001	0.0555555555556
1002	0.0555555555556
1003	0.0555555555556
1004	0.0555555555556
1005	0.0555555555556
1006	0.0555555555556
1007	0.0555555555556
1008	0.0555555555556
1009	0.0555555555556
1010	0.0555555555556
1011	0.0555555555556
1012	0.0555555555556
1013	0.0555555555556
1014	0.0555555555556
1015	0.0555555555556
1016	0.0555555555556
1017	0.0555555555556
1018	0.0555555555556
1019	0.0555555555556
1020	0.0555555555556
1021	0.0555555555556
1022	0.0555555555556
1023	0.0555555555556
1024	0.0555555555556
1025	0.0555555555556
1026	0.0555555555556
1027	0.0555555555556
1028	0.0555555555556
1029	0.0555555555556
1030	0.0555555555556
1031	0.0555555555556
1032	0.0555555555556
1033	0.0555555555556
1034	0.0555555555556
1035	0.0555555555556
1036	0.0555555555556
1037	0.0555555555556
1038	0.0555555555556
1039	0.0555555555556
1040	0.0555555555556
1041	0.0555555555556
1042	0.0555555555556
1043	0.0555555555556
1044	0.0555555555556
1045	0.0555555555556
1046	0.0555555555556
1047	0.0555555555556
1048	0.0555555555556
1049	0.0555555555556
1050	0.0555555555556
1051	0.0555555555556
1052	0.0555555555556
1053	0.0555555555556
1054	0.0555555555556
1055	0.0555555555556
1056	0.0555555555556
1057	0.111111111111
1058	0.0555555555556
1059	0.111111111111
1060	0.111111111111
1061	0.0555555555556
1062	0.0555555555556
1063	0.0555555555556
1064	0.166666666667
1065	0.166666666667
1066	0.166666666667
1067	0.111111111111
1068	0.222222222222
1069	0.166666666667
1070	0.111111111111
1071	0.166666666667
1072	0.166666666667
1073	0.555555555556
1074	0.555555555556
1075	0.444444444444
1076	0.611111111111
1077	0.611111111111
1078	0.555555555556
1079	0.555555555556
1080	0.388888888889
1081	0.0555555555556
1082	0.0555555555556
1083	0.5
1084	0.444444444444
1085	0.611111111111
1086	0.388888888889
1087	0.611111111111
1088	0.555555555556
1089	0.5
1090	0.388888888889
1091	0.388888888889
1092	0.444444444444
1093	0.388888888889
1094	0.333333333333
1095	0.444444444444
1096	0.333333333333
1097	0.388888888889
1098	0.333333333333
1099	0.611111111111
1100	0.611111111111
1101	0.5
1102	0.5
1103	0.388888888889
1104	0.444444444444
1105	0.5
1106	0.388888888889
1107	0.333333333333
1108	0.333333333333
1109	0.5
1110	0.333333333333
1111	0.388888888889
1112	0.388888888889
1113	0.333333333333
1114	0.388888888889
1115	0.444444444444
1116	0.5
1117	0.388888888889
1118	0.5
1119	0.444444444444
1120	0.555555555556
1121	0.333333333333
1122	0.5
1123	0.222222222222
1124	0.333333333333
1125	0.333333333333
1126	0.388888888889
1127	0.444444444444
1128	0.333333333333
1129	0.611111111111
1130	0.611111111111
1131	0.555555555556
1132	0.166666666667
1133	0.111111111111
1134	0.333333333333
1135	0.444444444444
1136	0.444444444444
1137	0.444444444444
1138	0.444444444444
1139	0.388888888889
1140	0.444444444444
1141	0.555555555556
1142	0.5
1143	0.5
1144	0.388888888889
1145	0.388888888889
1146	0.555555555556
1147	0.555555555556
1148	0.5
1149	0.555555555556
1150	0.166666666667
1151	0.0555555555556
1152	0.0555555555556
1153	0.0555555555556
1154	0.0555555555556
1155	0.0555555555556
1156	0.0555555555556
1157	0.0555555555556
1158	0.0555555555556
1159	0.0555555555556
1160	0.0555555555556
1161	0.0555555555556
1162	0.0555555555556
1163	0.0555555555556
1164	0.166666666667
1165	0.111111111111
1166	0.111111111111
1167	0.111111111111
1168	0.111111111111
1169	0.166666666667
1170	0.166666666667
1171	0.222222222222
1172	0.166666666667
1173	0.111111111111
1174	0.166666666667
1175	0.222222222222
1176	0.111111111111
1177	0.222222222222
1178	0.111111111111
1179	0.166666666667
1180	0.166666666667
1181	0.0555555555556
1182	0.111111111111
1183	0.0555555555556
1184	0.0555555555556
1185	0.0555555555556
1186	0.0555555555556
1187	0.0555555555556
1188	0.0555555555556
1189	0.0555555555556
1190	0.0555555555556
1191	0.111111111111
1192	0.111111111111
1193	0.111111111111
1194	0.166666666667
1195	0.111111111111
1196	0.166666666667
1197	0.166666666667
1198	0.166666666667
1199	0.111111111111
1200	0.111111111111
1201	0.0555555555556
1202	0.0555555555556
1203	0.0555555555556
1204	0.0555555555556
1205	0.0555555555556
1206	0.0555555555556
1207	0.0555555555556
1208	0.0555555555556
1209	0.0555555555556
1210	0.0555555555556
1211	0.0555555555556
1212	0.0555555555556
1213	0.5
1214	0.666666666667
1215	0.611111111111
1216	0.277777777778
1217	0.555555555556
1218	0.444444444444
1219	0.555555555556
1220	0.555555555556
1221	0.555555555556
1222	0.666666666667
1223	0.0555555555556
1224	0.0555555555556
1225	0.0555555555556
1226	0.0555555555556
1227	0.0555555555556
1228	0.0555555555556
1229	0.0555555555556
1230	0.0555555555556
1231	0.0555555555556
1232	0.444444444444
1233	0.5
1234	0.388888888889
1235	0.444444444444
1236	0.388888888889
1237	0.5
1238	0.333333333333
1239	0.388888888889
1240	0.555555555556
1241	0.388888888889
1242	0.5
1243	0.666666666667
1244	0.333333333333
1245	0.5
1246	0.444444444444
1247	0.444444444444
1248	0.611111111111
1249	0.5
1250	0.333333333333
1251	0.611111111111
1252	0.0555555555556
1253	0.0555555555556
1254	0.0555555555556
1255	0.0555555555556
1256	0.0555555555556
1257	0.0555555555556
1258	0.0555555555556
1259	0.0555555555556
1260	0.0555555555556
1261	0.0555555555556
1262	0.0555555555556
1263	0.0555555555556
1264	0.0555555555556
1265	0.0555555555556
1266	0.0555555555556
1267	0.0555555555556
1268	0.0555555555556
1269	0.0555555555556
1270	0.0555555555556
1271	0.0555555555556
1272	0.0555555555556
1273	0.0555555555556
1274	0.0555555555556
1275	0.0555555555556
1276	0.0555555555556
1277	0.0555555555556
1278	0.0555555555556
1279	0.388888888889
1280	0.333333333333
1281	0.277777777778
1282	0.277777777778
1283	0.277777777778
1284	0.388888888889
1285	0.444444444444
1286	0.388888888889
1287	0.388888888889
1288	0.333333333333
1289	0.333333333333
1290	0.388888888889
1291	0.333333333333
1292	0.388888888889
1293	0.444444444444
1294	0.444444444444
1295	0.444444444444
1296	0.444444444444
1297	0.555555555556
1298	0.5
1299	0.333333333333
1300	0.444444444444
1301	0.444444444444
1302	0.388888888889
1303	0.0555555555556
1304	0.0555555555556
1305	0.0555555555556
1306	0.0555555555556
1307	0.0555555555556
1308	0.0555555555556
1309	0.0555555555556
1310	0.0555555555556
1311	0.0555555555556
1312	0.0555555555556
1313	0.0555555555556
1314	0.0555555555556
1315	0.0555555555556
1316	0.0555555555556
1317	0.0555555555556
1318	0.0555555555556
1319	0.0555555555556
1320	0.0555555555556
1321	0.0555555555556
1322	0.0555555555556
1323	0.0555555555556
1324	0.0555555555556
1325	0.0555555555556
1326	0.0555555555556
1327	0.0555555555556
1328	0.0555555555556
1329	0.0555555555556
1330	0.0555555555556
1331	0.0555555555556
1332	0.0555555555556
1333	0.0555555555556
1334	0.0555555555556
1335	0.0555555555556
1336	0.0555555555556
1337	0.0555555555556
1338	0.0555555555556
1339	0.0555555555556
1340	0.0555555555556
1341	0.0555555555556
1342	0.0555555555556
1343	0.0555555555556
1344	0.0555555555556
1345	0.0555555555556
1346	0.0555555555556
1347	0.0555555555556
1348	0.0555555555556
1349	0.0555555555556
1350	0.0555555555556
1351	0.0555555555556
1352	0.0555555555556
1353	0.0555555555556
1354	0.0555555555556
1355	0.0555555555556
1356	0.0555555555556
1357	0.0555555555556
1358	0.0555555555556
1359	0.0555555555556
1360	0.0555555555556
1361	0.0555555555556
1362	0.0555555555556
1363	0.0555555555556
1364	0.0555555555556
1365	0.0555555555556
1366	0.0555555555556
1367	0.0555555555556
1368	0.0555555555556
1369	0.0555555555556
1370	0.0555555555556
1371	0.0555555555556
1372	0.0555555555556
1373	0.0555555555556
1374	0.0555555555556
1375	0.0555555555556
1376	0.0555555555556
1377	0.0555555555556
1378	0.0555555555556
1379	0.0555555555556
1380	0.0555555555556
1381	0.0555555555556
1382	0.0555555555556
1383	0.0555555555556
1384	0.111111111111
1385	0.111111111111
1386	0.166666666667
1387	0.111111111111
1388	0.111111111111
1389	0.111111111111
1390	0.0555555555556
1391	0.111111111111
1392	0.111111111111
1393	0.0555555555556
1394	0.166666666667
1395	0.166666666667
1396	0.111111111111
1397	0.166666666667
1398	0.111111111111
1399	0.111111111111
1400	0.111111111111
1401	0.0555555555556
1402	0.0555555555556
1403	0.111111111111
1404	0.111111111111
1405	0.111111111111
1406	0.166666666667
1407	0.0555555555556
1408	0.0555555555556
1409	0.0555555555556
1410	0.0555555555556
1411	0.0555555555556
1412	0.0555555555556
1413	0.0555555555556
1414	0.0555555555556
1415	0.0555555555556
1416	0.0555555555556
1417	0.0555555555556
1418	0.0555555555556
1419	0.0555555555556
1420	0.0555555555556
1421	0.0555555555556
1422	0.0555555555556
1423	0.0555555555556
1424	0.0555555555556
1425	0.0555555555556
1426	0.0555555555556
1427	0.0555555555556
1428	0.0555555555556
1429	0.0555555555556
1430	0.0555555555556
1431	0.0555555555556
1432	0.0555555555556
1433	0.0555555555556
1434	0.0555555555556
1435	0.0555555555556
1436	0.0555555555556
1437	0.0555555555556
1438	0.0555555555556
1439	0.0555555555556
1440	0.0555555555556
1441	0.0555555555556
1442	0.0555555555556
1443	0.0555555555556
1444	0.0555555555556
1445	0.0555555555556
1446	0.0555555555556
1447	0.0555555555556
1448	0.0555555555556
1449	0.0555555555556
1450	0.0555555555556
1451	0.0555555555556
1452	0.0555555555556
1453	0.0555555555556
1454	0.0555555555556
1455	0.0555555555556
1456	0.0555555555556
1457	0.0555555555556
1458	0.0555555555556
1459	0.0555555555556
1460	0.0555555555556
1461	0.0555555555556
1462	0.0555555555556
1463	0.0555555555556
1464	0.0555555555556
1465	0.0555555555556
1466	0.0555555555556
1467	0.0555555555556
1468	0.0555555555556
1469	0.0555555555556
1470	0.0555555555556
1471	0.0555555555556
1472	0.0555555555556
1473	0.0555555555556
1474	0.0555555555556
1475	0.0555555555556
1476	0.0555555555556
1477	0.0555555555556
1478	0.0555555555556
1479	0.0555555555556
1480	0.0555555555556
1481	0.0555555555556
1482	0.0555555555556
1483	0.0555555555556
1484	0.0555555555556
1485	0.0555555555556
1486	0.0555555555556
1487	0.0555555555556
1488	0.0555555555556
1489	0.0555555555556
1490	0.0555555555556
1491	0.0555555555556
1492	0.0555555555556
1493	0.0555555555556
1494	0.0555555555556
1495	0.0555555555556
1496	0.0555555555556
1497	0.0555555555556
1498	0.0555555555556
1499	0.0555555555556
1500	0.0555555555556
1501	0.0555555555556
1502	0.0555555555556
1503	0.0555555555556
1504	0.0555555555556
1505	0.0555555555556
1506	0.0555555555556
1507	0.0555555555556
1508	0.0555555555556
1509	0.0555555555556
1510	0.0555555555556
1511	0.0555555555556
1512	0.0555555555556
1513	0.0555555555556
1514	0.0555555555556
1515	0.0555555555556
1516	0.0555555555556
1517	0.0555555555556
1518	0.0555555555556
1519	0.0555555555556
1520	0.0555555555556
1521	0.0555555555556
1522	0.0555555555556
1523	0.444444444444
1524	0.5
1525	0.444444444444
1526	0.333333333333
1527	0.277777777778
1528	0.333333333333
1529	0.388888888889
1530	0.388888888889
1531	0.166666666667
1532	0.166666666667
1533	0.0555555555556
1534	0.111111111111
1535	0.0555555555556
1536	0.0555555555556
1537	0.0555555555556
1538	0.0555555555556
1539	0.0555555555556
1540	0.0555555555556
1541	0.0555555555556
1542	0.0555555555556
1543	0.0555555555556
1544	0.0555555555556
1545	0.0555555555556
1546	0.0555555555556
1547	0.0555555555556
1548	0.0555555555556
1549	0.0555555555556
1550	0.0555555555556
1551	0.0555555555556
1552	0.0555555555556
1553	0.0555555555556
1554	0.277777777778
1555	0.277777777778
1556	0.333333333333
1557	0.277777777778
1558	0.388888888889
1559	0.333333333333
1560	0.222222222222
1561	0.444444444444
1562	0.388888888889
1563	0.444444444444
1564	0.5
1565	0.5
1566	0.222222222222
1567	0.388888888889
1568	0.388888888889
1569	0.388888888889
1570	0.333333333333
1571	0.444444444444
1572	0.5
1573	0.333333333333
1574	0.111111111111
1575	0.0555555555556
1576	0.0555555555556
1577	0.0555555555556
1578	0.0555555555556
1579	0.0555555555556
1580	0.0555555555556
1581	0.0555555555556
1582	0.0555555555556
1583	0.0555555555556
1584	0.0555555555556
1585	0.0555555555556
1586	0.0555555555556
1587	0.0555555555556
1588	0.0555555555556
1589	0.0555555555556
1590	0.0555555555556
1591	0.0555555555556
1592	0.0555555555556
1593	0.0555555555556
1594	0.0555555555556
1595	0.0555555555556
1596	0.0555555555556
1597	0.0555555555556
1598	0.0555555555556
1599	0.0555555555556
1600	0.0555555555556
1601	0.0555555555556
1602	0.0555555555556
1603	0.0555555555556
1604	0.0555555555556
1605	0.0555555555556
1606	0.0555555555556
1607	0.0555555555556
1608	0.0555555555556
1609	0.0555555555556
1610	0.0555555555556
1611	0.0555555555556
1612	0.0555555555556
1613	0.0555555555556
1614	0.0555555555556
1615	0.0555555555556
1616	0.0555555555556
1617	0.0555555555556
1618	0.0555555555556
1619	0.0555555555556
1620	0.0555555555556
1621	0.0555555555556
1622	0.0555555555556
1623	0.0555555555556
1624	0.0555555555556
1625	0.0555555555556
1626	0.0555555555556
1627	0.0555555555556
1628	0.0555555555556
1629	0.0555555555556
1630	0.0555555555556
1631	0.0555555555556
1632	0.0555555555556
1633	0.0555555555556
1634	0.0555555555556
1635	0.0555555555556
1636	0.0555555555556
1637	0.0555555555556
1638	0.0555555555556
1639	0.0555555555556
1640	0.0555555555556
1641	0.0555555555556
1642	0.0555555555556
1643	0.0555555555556
1644	0.0555555555556
1645	0.0555555555556
1646	0.0555555555556
1647	0.0555555555556
1648	0.0555555555556
1649	0.0555555555556
1650	0.0555555555556
1651	0.0555555555556
1652	0.0555555555556
1653	0.0555555555556
1654	0.0555555555556
1655	0.0555555555556
1656	0.0555555555556
1657	0.0555555555556
1658	0.0555555555556
1659	0.0555555555556
1660	0.0555555555556
1661	0.0555555555556
1662	0.0555555555556
1663	0.0555555555556
1664	0.0555555555556
1665	0.0555555555556
1666	0.111111111111
1667	0.111111111111
1668	0.111111111111
1669	0.0555555555556
1670	0.0555555555556
1671	0.111111111111
1672	0.111111111111
1673	0.0555555555556
1674	0.0555555555556
1675	0.0555555555556
1676	0.0555555555556
1677	0.0555555555556
1678	0.0555555555556
1679	0.0555555555556
1680	0.0555555555556
1681	0.0555555555556
1682	0.0555555555556
1683	0.0555555555556
1684	0.0555555555556
1685	0.0555555555556
1686	0.0555555555556
1687	0.0555555555556
1688	0.0555555555556
1689	0.0555555555556
1690	0.0555555555556
1691	0.0555555555556
1692	0.0555555555556
1693	0.0555555555556
1694	0.0555555555556
1695	0.0555555555556
1696	0.0555555555556
1697	0.0555555555556
1698	0.0555555555556
1699	0.0555555555556
1700	0.0555555555556
1701	0.0555555555556
1702	0.0555555555556
1703	0.0555555555556
1704	0.0555555555556
1705	0.0555555555556
1706	0.0555555555556
1707	0.0555555555556
1708	0.0555555555556
1709	0.0555555555556
1710	0.0555555555556
1711	0.0555555555556
1712	0.0555555555556
1713	0.0555555555556
1714	0.0555555555556
1715	0.0555555555556
1716	0.0555555555556
1717	0.0555555555556
1718	0.0555555555556
1719	0.0555555555556
1720	0.0555555555556
1721	0.0555555555556
1722	0.0555555555556
1723	0.0555555555556
1724	0.0555555555556
1725	0.0555555555556
1726	0.0555555555556
1727	0.0555555555556
1728	0.0555555555556
1729	0.0555555555556
1730	0.0555555555556
1731	0.0555555555556
1732	0.0555555555556
1733	0.0555555555556
1734	0.0555555555556
1735	0.0555555555556
1736	0.0555555555556
1737	0.0555555555556
1738	0.0555555555556
1739	0.0555555555556
1740	0.0555555555556
1741	0.0555555555556
1742	0.0555555555556
1743	0.0555555555556
1744	0.0555555555556
1745	0.0555555555556
1746	0.0555555555556
1747	0.0555555555556
1748	0.0555555555556
1749	0.0555555555556
1750	0.0555555555556
1751	0.0555555555556
1752	0.0555555555556
1753	0.0555555555556
1754	0.0555555555556
1755	0.0555555555556
1756	0.0555555555556
1757	0.0555555555556
1758	0.0555555555556
1759	0.0555555555556
1760	0.0555555555556
1761	0.0555555555556
1762	0.0555555555556
1763	0.0555555555556
1764	0.0555555555556
1765	0.0555555555556
1766	0.0555555555556
1767	0.0555555555556
1768	0.0555555555556
1769	0.0555555555556
1770	0.0555555555556
1771	0.0555555555556
1772	0.0555555555556
1773	0.0555555555556
1774	0.0555555555556
1775	0.0555555555556
1776	0.0555555555556
1777	0.0555555555556
1778	0.0555555555556
1779	0.0555555555556
1780	0.0555555555556
1781	0.0555555555556
1782	0.0555555555556
1783	0.0555555555556
1784	0.0555555555556
1785	0.0555555555556
1786	0.0555555555556
1787	0.0555555555556
1788	0.0555555555556
1789	0.0555555555556
1790	0.0555555555556
1791	0.0555555555556
1792	0.0555555555556
1793	0.0555555555556
1794	0.0555555555556
1795	0.0555555555556
1796	0.0555555555556
1797	0.0555555555556
1798	0.0555555555556
1799	0.0555555555556
1800	0.0555555555556
1801	0.0555555555556
1802	0.0555555555556
1803	0.0555555555556
1804	0.0555555555556
1805	0.0555555555556
1806	0.0555555555556
1807	0.0555555555556
1808	0.0555555555556
1809	0.0555555555556
1810	0.0555555555556
1811	0.0555555555556
1812	0.0555555555556
1813	0.0555555555556
1814	0.0555555555556
1815	0.0555555555556
1816	0.0555555555556
1817	0.0555555555556
1818	0.0555555555556
1819	0.0555555555556
1820	0.0555555555556
1821	0.0555555555556
1822	0.0555555555556
1823	0.0555555555556
1824	0.0555555555556
1825	0.0555555555556
1826	0.0555555555556
1827	0.0555555555556
1828	0.0555555555556
1829	0.0555555555556
1830	0.0555555555556
1831	0.0555555555556
1832	0.0555555555556
1833	0.0555555555556
1834	0.0555555555556
1835	0.0555555555556
1836	0.0555555555556
1837	0.0555555555556
1838	0.0555555555556
1839	0.0555555555556
1840	0.0555555555556
1841	0.0555555555556
1842	0.0555555555556
1843	0.0555555555556
1844	0.0555555555556
1845	0.0555555555556
1846	0.0555555555556
1847	0.0555555555556
1848	0.0555555555556
1849	0.0555555555556
1850	0.111111111111
1851	0.0555555555556
1852	0.111111111111
1853	0.111111111111
1854	0.0555555555556
1855	0.111111111111
1856	0.0555555555556
1857	0.0555555555556
1858	0.0555555555556
1859	0.0555555555556
1860	0.0555555555556
1861	0.0555555555556
1862	0.0555555555556
1863	0.0555555555556
1864	0.0555555555556
1865	0.0555555555556
1866	0.0555555555556
1867	0.0555555555556
1868	0.0555555555556
1869	0.0555555555556
1870	0.0555555555556
1871	0.0555555555556
1872	0.0555555555556
1873	0.0555555555556
1874	0.0555555555556
1875	0.0555555555556
1876	0.0555555555556
1877	0.0555555555556
1878	0.0555555555556
1879	0.0555555555556
1880	0.0555555555556
1881	0.0555555555556
1882	0.0555555555556
1883	0.0555555555556
1884	0.0555555555556
1885	0.0555555555556
1886	0.0555555555556
1887	0.0555555555556
1888	0.0555555555556
1889	0.0555555555556
1890	0.0555555555556
1891	0.0555555555556
1892	0.0555555555556
1893	0.0555555555556
1894	0.0555555555556
1895	0.0555555555556
1896	0.0555555555556
1897	0.0555555555556
1898	0.0555555555556
1899	0.0555555555556
1900	0.0555555555556
1901	0.0555555555556
1902	0.0555555555556
1903	0.0555555555556
1904	0.0555555555556
1905	0.0555555555556
1906	0.0555555555556
1907	0.0555555555556
1908	0.0555555555556
1909	0.0555555555556
1910	0.0555555555556
1911	0.0555555555556
1912	0.0555555555556
1913	0.0555555555556
1914	0.0555555555556
1915	0.0555555555556
1916	0.0555555555556
1917	0.0555555555556
1918	0.0555555555556
1919	0.0555555555556
1920	0.0555555555556
1921	0.0555555555556
1922	0.0555555555556
1923	0.0555555555556
1924	0.166666666667
1925	0.111111111111
1926	0.111111111111
1927	0.166666666667
1928	0.111111111111
1929	0.166666666667
1930	0.444444444444
1931	0.388888888889
1932	0.277777777778
1933	0.333333333333
1934	0.277777777778
1935	0.388888888889
1936	0.444444444444
1937	0.444444444444
1938	0.388888888889
1939	0.555555555556
1940	0.388888888889
1941	0.277777777778
1942	0.333333333333
1943	0.333333333333
1944	0.0555555555556
1945	0.0555555555556
1946	0.0555555555556
1947	0.0555555555556
1948	0.0555555555556
1949	0.111111111111
1950	0.0555555555556
1951	0.0555555555556
1952	0.111111111111
1953	0.0555555555556
1954	0.0555555555556
1955	0.0555555555556
1956	0.0555555555556
1957	0.111111111111
1958	0.0555555555556
1959	0.0555555555556
1960	0.111111111111
1961	0.0555555555556
1962	0.0555555555556
1963	0.0555555555556
1964	0.277777777778
1965	0.222222222222
1966	0.388888888889
1967	0.444444444444
1968	0.388888888889
1969	0.277777777778
1970	0.555555555556
1971	0.444444444444
1972	0.444444444444
1973	0.444444444444
1974	0.222222222222
1975	0.388888888889
1976	0.611111111111
1977	0.388888888889
1978	0.5
1979	0.444444444444
1980	0.277777777778
1981	0.333333333333
1982	0.333333333333
1983	0.555555555556
1984	0.555555555556
1985	0.388888888889
1986	0.277777777778
1987	0.388888888889
1988	0.222222222222
1989	0.444444444444
1990	0.444444444444
1991	0.277777777778
1992	0.444444444444
1993	0.388888888889
1994	0.222222222222
1995	0.277777777778
1996	0.222222222222
1997	0.222222222222
1998	0.333333333333
1999	0.222222222222
2000	0.277777777778
2001	0.277777777778
2002	0.222222222222
2003	0.388888888889
2004	0.277777777778
2005	0.166666666667
2006	0.333333333333
2007	0.166666666667
2008	0.222222222222
2009	0.222222222222
2010	0.333333333333
2011	0.388888888889
2012	0.277777777778
2013	0.333333333333
2014	0.0555555555556
2015	0.0555555555556
2016	0.0555555555556
2017	0.0555555555556
2018	0.0555555555556
2019	0.0555555555556
2020	0.0555555555556
2021	0.0555555555556
2022	0.0555555555556
2023	0.0555555555556
2024	0.0555555555556
2025	0.0555555555556
2026	0.0555555555556
2027	0.0555555555556
2028	0.0555555555556
2029	0.0555555555556
2030	0.0555555555556
2031	0.0555555555556
2032	0.0555555555556
2033	0.0555555555556
2034	0.0555555555556
2035	0.0555555555556
2036	0.0555555555556
2037	0.0555555555556
2038	0.0555555555556
2039	0.0555555555556
2040	0.0555555555556
2041	0.0555555555556
2042	0.0555555555556
2043	0.0555555555556
2044	0.0555555555556
2045	0.0555555555556
2046	0.0555555555556
2047	0.0555555555556
2048	0.0555555555556
2049	0.0555555555556
2050	0.0555555555556
2051	0.0555555555556
2052	0.0555555555556
2053	0.0555555555556
2054	0.0555555555556
2055	0.0555555555556
2056	0.111111111111
2057	0.0555555555556
2058	0.111111111111
2059	0.111111111111
2060	0.0555555555556
2061	0.0555555555556
2062	0.111111111111
2063	0.0555555555556
2064	0.0555555555556
2065	0.0555555555556
2066	0.0555555555556
2067	0.0555555555556
2068	0.0555555555556
2069	0.0555555555556
2070	0.0555555555556
2071	0.0555555555556
2072	0.0555555555556
2073	0.0555555555556
2074	0.0555555555556
2075	0.0555555555556
2076	0.0555555555556
2077	0.0555555555556
2078	0.0555555555556
2079	0.0555555555556
2080	0.0555555555556
2081	0.0555555555556
2082	0.0555555555556
2083	0.0555555555556
2084	0.0555555555556
2085	0.0555555555556
2086	0.0555555555556
2087	0.0555555555556
2088	0.0555555555556
2089	0.0555555555556
2090	0.0555555555556
2091	0.0555555555556
2092	0.0555555555556
2093	0.0555555555556
2094	0.0555555555556
2095	0.0555555555556
2096	0.0555555555556
2097	0.0555555555556
2098	0.0555555555556
2099	0.0555555555556
2100	0.0555555555556
2101	0.0555555555556
2102	0.0555555555556
2103	0.0555555555556
2104	0.0555555555556
2105	0.0555555555556
2106	0.0555555555556
2107	0.0555555555556
2108	0.0555555555556
2109	0.0555555555556
2110	0.0555555555556
2111	0.0555555555556
2112	0.0555555555556
2113	0.0555555555556
2114	0.0555555555556
2115	0.0555555555556
2116	0.0555555555556
2117	0.0555555555556
2118	0.0555555555556
2119	0.0555555555556
2120	0.0555555555556
2121	0.0555555555556
2122	0.0555555555556
2123	0.0555555555556
2124	0.0555555555556
2125	0.0555555555556
2126	0.0555555555556
2127	0.0555555555556
2128	0.0555555555556
2129	0.0555555555556
2130	0.0555555555556
2131	0.0555555555556
2132	0.0555555555556
2133	0.0555555555556
2134	0.0555555555556
2135	0.0555555555556
2136	0.222222222222
2137	0.111111111111
2138	0.166666666667
2139	0.111111111111
2140	0.111111111111
2141	0.111111111111
2142	0.111111111111
2143	0.222222222222
2144	0.166666666667
2145	0.111111111111
2146	0.222222222222
2147	0.111111111111
2148	0.222222222222
2149	0.111111111111
2150	0.111111111111
2151	0.222222222222
2152	0.166666666667
2153	0.166666666667
2154	0.166666666667
2155	0.166666666667
2156	0.111111111111
2157	0.222222222222
2158	0.166666666667
2159	0.222222222222
2160	0.388888888889
2161	0.611111111111
2162	0.444444444444
2163	0.722222222222
2164	0.0555555555556
2165	0.0555555555556
2166	0.0555555555556
2167	0.0555555555556
2168	0.0555555555556
2169	0.0555555555556
2170	0.0555555555556
2171	0.0555555555556
2172	0.0555555555556
2173	0.0555555555556
2174	0.0555555555556
2175	0.0555555555556
2176	0.0555555555556
2177	0.0555555555556
2178	0.0555555555556
2179	0.0555555555556
2180	0.0555555555556
2181	0.0555555555556
2182	0.0555555555556
2183	0.0555555555556
2184	0.0555555555556
2185	0.0555555555556
2186	0.0555555555556
2187	0.0555555555556
2188	0.0555555555556
2189	0.0555555555556
2190	0.0555555555556
2191	0.0555555555556
2192	0.0555555555556
2193	0.0555555555556
2194	0.0555555555556
2195	0.0555555555556
2196	0.0555555555556
2197	0.0555555555556
2198	0.0555555555556
2199	0.0555555555556
2200	0.0555555555556
2201	0.0555555555556
2202	0.0555555555556
2203	0.0555555555556
2204	0.0555555555556
2205	0.444444444444
2206	0.611111111111
2207	0.611111111111
2208	0.611111111111
2209	0.444444444444
2210	0.277777777778
2211	0.277777777778
2212	0.277777777778
2213	0.277777777778
2214	0.222222222222
2215	0.222222222222
2216	0.333333333333
2217	0.166666666667
2218	0.277777777778
2219	0.277777777778
2220	0.277777777778
2221	0.222222222222
2222	0.166666666667
2223	0.0555555555556
2224	0.0555555555556
2225	0.0555555555556
2226	0.0555555555556
2227	0.0555555555556
2228	0.166666666667
2229	0.166666666667
2230	0.166666666667
2231	0.166666666667
2232	0.166666666667
2233	0.111111111111
2234	0.111111111111
2235	0.111111111111
2236	0.0555555555556
2237	0.0555555555556
2238	0.0555555555556
2239	0.0555555555556
2240	0.0555555555556
2241	0.0555555555556
2242	0.0555555555556
2243	0.0555555555556
2244	0.0555555555556
2245	0.0555555555556
2246	0.0555555555556
2247	0.0555555555556
2248	0.0555555555556
2249	0.0555555555556
2250	0.0555555555556
2251	0.0555555555556
2252	0.0555555555556
2253	0.0555555555556
2254	0.0555555555556
2255	0.0555555555556
2256	0.0555555555556
2257	0.0555555555556
2258	0.0555555555556
2259	0.0555555555556
2260	0.0555555555556
2261	0.0555555555556
2262	0.0555555555556
2263	0.0555555555556
2264	0.0555555555556
2265	0.0555555555556
2266	0.0555555555556
2267	0.0555555555556
2268	0.0555555555556
2269	0.0555555555556
2270	0.0555555555556
2271	0.0555555555556
2272	0.0555555555556
2273	0.0555555555556
2274	0.0555555555556
2275	0.0555555555556
2276	0.0555555555556
2277	0.0555555555556
2278	0.0555555555556
2279	0.0555555555556
2280	0.0555555555556
2281	0.0555555555556
2282	0.0555555555556
2283	0.111111111111
2284	0.111111111111
2285	0.166666666667
2286	0.111111111111
2287	0.111111111111
2288	0.111111111111
2289	0.111111111111
2290	0.166666666667
2291	0.111111111111
2292	0.111111111111
2293	0.111111111111
2294	0.111111111111
2295	0.166666666667
2296	0.222222222222
2297	0.222222222222
2298	0.277777777778
2299	0.111111111111
2300	0.166666666667
2301	0.166666666667
2302	0.166666666667
2303	0.222222222222
2304	0.166666666667
2305	0.5
2306	0.444444444444
2307	0.5
2308	0.277777777778
2309	0.611111111111
2310	0.444444444444
2311	0.333333333333
2312	0.611111111111
2313	0.5
2314	0.611111111111
2315	0.333333333333
2316	0.555555555556
2317	0.611111111111
2318	0.5
2319	0.388888888889
2320	0.388888888889
2321	0.5
2322	0.388888888889
2323	0.388888888889
2324	0.277777777778
2325	0.444444444444
2326	0.444444444444
2327	0.333333333333
2328	0.611111111111
2329	0.555555555556
2330	0.5
2331	0.5
2332	0.444444444444
2333	0.444444444444
2334	0.5
2335	0.5
2336	0.444444444444
2337	0.333333333333
2338	0.555555555556
2339	0.444444444444
2340	0.611111111111
2341	0.166666666667
2342	0.277777777778
2343	0.222222222222
2344	0.222222222222
2345	0.222222222222
2346	0.222222222222
2347	0.166666666667
2348	0.222222222222
2349	0.111111111111
2350	0.166666666667
2351	0.0555555555556
2352	0.0555555555556
2353	0.0555555555556
2354	0.0555555555556
2355	0.0555555555556
2356	0.0555555555556
2357	0.0555555555556
2358	0.0555555555556
2359	0.0555555555556
2360	0.0555555555556
2361	0.0555555555556
2362	0.0555555555556
2363	0.0555555555556
2364	0.0555555555556
2365	0.0555555555556
2366	0.0555555555556
2367	0.0555555555556
2368	0.0555555555556
2369	0.0555555555556
2370	0.0555555555556
2371	0.0555555555556
2372	0.0555555555556
2373	0.0555555555556
2374	0.0555555555556
2375	0.0555555555556
2376	0.0555555555556
2377	0.0555555555556
2378	0.0555555555556
2379	0.0555555555556
2380	0.0555555555556
2381	0.0555555555556
2382	0.0555555555556
2383	0.0555555555556
2384	0.0555555555556
2385	0.0555555555556
2386	0.0555555555556
2387	0.0555555555556
2388	0.0555555555556
2389	0.0555555555556
2390	0.0555555555556
2391	0.0555555555556
2392	0.0555555555556
2393	0.0555555555556
2394	0.0555555555556
2395	0.0555555555556
2396	0.0555555555556
2397	0.0555555555556
2398	0.0555555555556
2399	0.0555555555556
2400	0.111111111111
2401	0.388888888889
2402	0.5
2403	0.555555555556
2404	0.333333333333
2405	0.5
2406	0.5
2407	0.333333333333
2408	0.388888888889
2409	0.611111111111
2410	0.555555555556
2411	0.444444444444
2412	0.5
2413	0.388888888889
2414	0.444444444444
2415	0.444444444444
2416	0.388888888889
2417	0.333333333333
2418	0.333333333333
2419	0.333333333333
2420	0.333333333333
2421	0.388888888889
2422	0.388888888889
2423	0.166666666667
2424	0.166666666667
2425	0.166666666667
2426	0.222222222222
2427	0.277777777778
2428	0.166666666667
2429	0.166666666667
2430	0.333333333333
2431	0.333333333333
2432	0.5
2433	0.333333333333
2434	0.666666666667
2435	0.444444444444
2436	0.388888888889
2437	0.388888888889
2438	0.611111111111
2439	0.611111111111
2440	0.555555555556
2441	0.333333333333
2442	0.555555555556
2443	0.333333333333
2444	0.611111111111
2445	0.388888888889
2446	0.444444444444
2447	0.222222222222
2448	0.444444444444
2449	0.277777777778
2450	0.444444444444
2451	0.5
2452	0.333333333333
2453	0.666666666667
2454	0.333333333333
2455	0.611111111111
2456	0.0555555555556
2457	0.0555555555556
2458	0.0555555555556
2459	0.0555555555556
2460	0.0555555555556
2461	0.0555555555556
2462	0.0555555555556
2463	0.0555555555556
2464	0.0555555555556
2465	0.0555555555556
2466	0.0555555555556
2467	0.0555555555556
2468	0.0555555555556
2469	0.0555555555556
2470	0.0555555555556
2471	0.0555555555556
2472	0.0555555555556
2473	0.0555555555556
2474	0.0555555555556
2475	0.0555555555556
2476	0.0555555555556
2477	0.0555555555556
2478	0.0555555555556
2479	0.0555555555556
2480	0.0555555555556
2481	0.0555555555556
2482	0.0555555555556
2483	0.0555555555556
2484	0.0555555555556
2485	0.0555555555556
2486	0.0555555555556
2487	0.0555555555556
2488	0.0555555555556
2489	0.0555555555556
2490	0.0555555555556
2491	0.0555555555556
2492	0.0555555555556
2493	0.0555555555556
2494	0.0555555555556
2495	0.0555555555556
2496	0.0555555555556
2497	0.0555555555556
2498	0.0555555555556
2499	0.0555555555556
2500	0.0555555555556
2501	0.0555555555556
2502	0.0555555555556
2503	0.0555555555556
2504	0.0555555555556
2505	0.0555555555556
2506	0.0555555555556
2507	0.0555555555556
2508	0.0555555555556
2509	0.0555555555556
2510	0.0555555555556
2511	0.0555555555556
2512	0.0555555555556
2513	0.0555555555556
2514	0.0555555555556
2515	0.0555555555556
2516	0.0555555555556
2517	0.0555555555556
2518	0.0555555555556
2519	0.0555555555556
2520	0.0555555555556
2521	0.0555555555556
2522	0.0555555555556
2523	0.0555555555556
2524	0.0555555555556
2525	0.0555555555556
2526	0.0555555555556
2527	0.0555555555556
2528	0.0555555555556
2529	0.0555555555556
2530	0.0555555555556
2531	0.0555555555556
2532	0.0555555555556
2533	0.0555555555556
2534	0.0555555555556
2535	0.0555555555556
2536	0.0555555555556
2537	0.0555555555556
2538	0.0555555555556
2539	0.0555555555556
2540	0.0555555555556
2541	0.0555555555556
2542	0.0555555555556
2543	0.0555555555556
2544	0.0555555555556
2545	0.0555555555556
2546	0.0555555555556
2547	0.0555555555556
2548	0.0555555555556
2549	0.0555555555556
2550	0.0555555555556
2551	0.0555555555556
2552	0.0555555555556
2553	0.0555555555556
2554	0.0555555555556
2555	0.0555555555556
2556	0.0555555555556
2557	0.0555555555556
2558	0.0555555555556
2559	0.0555555555556
2560	0.0555555555556
2561	0.0555555555556
2562	0.0555555555556
2563	0.0555555555556
2564	0.0555555555556
2565	0.0555555555556
2566	0.0555555555556
2567	0.0555555555556
2568	0.0555555555556
2569	0.0555555555556
2570	0.0555555555556
2571	0.0555555555556
2572	0.0555555555556
2573	0.0555555555556
2574	0.0555555555556
2575	0.0555555555556
2576	0.0555555555556
2577	0.0555555555556
2578	0.0555555555556
2579	0.0555555555556
2580	0.0555555555556
2581	0.0555555555556
2582	0.0555555555556
2583	0.0555555555556
2584	0.0555555555556
2585	0.0555555555556
2586	0.0555555555556
2587	0.0555555555556
2588	0.0555555555556
2589	0.0555555555556
2590	0.0555555555556
2591	0.0555555555556
2592	0.5
2593	0.388888888889
2594	0.222222222222
2595	0.388888888889
2596	0.5
2597	0.388888888889
2598	0.277777777778
2599	0.388888888889
2600	0.5
2601	0.333333333333
2602	0.611111111111
2603	0.333333333333
2604	0.555555555556
2605	0.5
2606	0.444444444444
2607	0.333333333333
2608	0.5
2609	0.388888888889
2610	0.0555555555556
2611	0.0555555555556
2612	0.0555555555556
2613	0.0555555555556
2614	0.0555555555556
2615	0.0555555555556
2616	0.0555555555556
2617	0.0555555555556
2618	0.0555555555556
2619	0.0555555555556
2620	0.0555555555556
2621	0.0555555555556
2622	0.0555555555556
2623	0.0555555555556
2624	0.0555555555556
2625	0.0555555555556
2626	0.0555555555556
2627	0.0555555555556
2628	0.0555555555556
2629	0.0555555555556
2630	0.0555555555556
2631	0.0555555555556
2632	0.0555555555556
2633	0.0555555555556
2634	0.0555555555556
2635	0.0555555555556
2636	0.0555555555556
2637	0.0555555555556
2638	0.0555555555556
2639	0.0555555555556
2640	0.0555555555556
2641	0.0555555555556
2642	0.0555555555556
2643	0.0555555555556
2644	0.0555555555556
2645	0.0555555555556
2646	0.0555555555556
2647	0.0555555555556
2648	0.0555555555556
2649	0.0555555555556
2650	0.333333333333
2651	0.277777777778
2652	0.222222222222
2653	0.444444444444
2654	0.333333333333
2655	0.444444444444
2656	0.0555555555556
2657	0.111111111111
2658	0.0555555555556
2659	0.0555555555556
2660	0.0555555555556
2661	0.0555555555556
2662	0.0555555555556
2663	0.0555555555556
2664	0.111111111111
2665	0.111111111111
2666	0.0555555555556
2667	0.0555555555556
2668	0.111111111111
2669	0.0555555555556
2670	0.0555555555556
2671	0.111111111111
2672	0.0555555555556
2673	0.0555555555556
2674	0.111111111111
2675	0.111111111111
2676	0.111111111111
2677	0.111111111111
2678	0.0555555555556
2679	0.0555555555556
2680	0.0555555555556
2681	0.0555555555556
2682	0.0555555555556
2683	0.0555555555556
2684	0.0555555555556
2685	0.0555555555556
2686	0.0555555555556
2687	0.0555555555556
2688	0.0555555555556
2689	0.0555555555556
2690	0.0555555555556
2691	0.0555555555556
2692	0.333333333333
2693	0.388888888889
2694	0.333333333333
2695	0.444444444444
2696	0.444444444444
2697	0.5
2698	0.277777777778
2699	0.5
2700	0.388888888889
2701	0.444444444444
2702	0.388888888889
2703	0.555555555556
2704	0.444444444444
2705	0.5
2706	0.333333333333
2707	0.333333333333
2708	0.444444444444
2709	0.333333333333
2710	0.333333333333
2711	0.611111111111
2712	0.611111111111
2713	0.277777777778
2714	0.277777777778
2715	0.222222222222
2716	0.277777777778
2717	0.277777777778
2718	0.277777777778
2719	0.0555555555556
2720	0.0555555555556
2721	0.0555555555556
2722	0.0555555555556
2723	0.0555555555556
2724	0.0555555555556
2725	0.0555555555556
2726	0.0555555555556
2727	0.0555555555556
2728	0.0555555555556
2729	0.0555555555556
2730	0.0555555555556
2731	0.0555555555556
2732	0.0555555555556
2733	0.0555555555556
2734	0.0555555555556
2735	0.0555555555556
2736	0.0555555555556
2737	0.0555555555556
2738	0.0555555555556
2739	0.0555555555556
2740	0.0555555555556
2741	0.0555555555556
2742	0.0555555555556
2743	0.0555555555556
2744	0.0555555555556
2745	0.0555555555556
2746	0.0555555555556
2747	0.0555555555556
2748	0.277777777778
2749	0.222222222222
2750	0.277777777778
2751	0.166666666667
2752	0.277777777778
2753	0.166666666667
2754	0.277777777778
2755	0.0555555555556
2756	0.0555555555556
2757	0.0555555555556
2758	0.222222222222
2759	0.222222222222
2760	0.222222222222
2761	0.333333333333
2762	0.222222222222
2763	0.222222222222
2764	0.333333333333
2765	0.333333333333
2766	0.277777777778
2767	0.222222222222
2768	0.166666666667
2769	0.277777777778
2770	0.222222222222
2771	0.222222222222
2772	0.166666666667
2773	0.222222222222
2774	0.222222222222
2775	0.222222222222
2776	0.0555555555556
2777	0.0555555555556
2778	0.0555555555556
2779	0.0555555555556
2780	0.0555555555556
2781	0.0555555555556
2782	0.0555555555556
2783	0.0555555555556
2784	0.0555555555556
2785	0.0555555555556
2786	0.0555555555556
2787	0.0555555555556
2788	0.0555555555556
2789	0.0555555555556
2790	0.0555555555556
2791	0.0555555555556
2792	0.0555555555556
2793	0.0555555555556
2794	0.0555555555556
2795	0.0555555555556
2796	0.0555555555556
2797	0.0555555555556
2798	0.0555555555556
2799	0.0555555555556
2800	0.0555555555556
2801	0.0555555555556
2802	0.0555555555556
2803	0.0555555555556
2804	0.0555555555556
2805	0.0555555555556
2806	0.0555555555556
2807	0.0555555555556
2808	0.0555555555556
2809	0.0555555555556
2810	0.0555555555556
2811	0.0555555555556
2812	0.0555555555556
2813	0.0555555555556
2814	0.0555555555556
2815	0.0555555555556
2816	0.0555555555556
2817	0.0555555555556
2818	0.111111111111
2819	0.0555555555556
2820	0.111111111111
2821	0.0555555555556
2822	0.111111111111
2823	0.111111111111
2824	0.0555555555556
2825	0.0555555555556
2826	0.111111111111
2827	0.111111111111
2828	0.0555555555556
2829	0.0555555555556
2830	0.0555555555556
2831	0.0555555555556
2832	0.111111111111
2833	0.111111111111
2834	0.0555555555556
2835	0.0555555555556
2836	0.111111111111
2837	0.0555555555556
2838	0.0555555555556
2839	0.111111111111
2840	0.111111111111
2841	0.0555555555556
2842	0.0555555555556
2843	0.0555555555556
2844	0.0555555555556
2845	0.0555555555556
2846	0.0555555555556
2847	0.0555555555556
2848	0.0555555555556
2849	0.0555555555556
2850	0.0555555555556
2851	0.0555555555556
2852	0.0555555555556
2853	0.0555555555556
2854	0.0555555555556
2855	0.0555555555556
2856	0.0555555555556
2857	0.0555555555556
2858	0.0555555555556
2859	0.0555555555556
2860	0.111111111111
2861	0.111111111111
2862	0.111111111111
2863	0.111111111111
2864	0.111111111111
2865	0.111111111111
2866	0.111111111111
2867	0.111111111111
2868	0.0555555555556
2869	0.111111111111
2870	0.166666666667
2871	0.277777777778
2872	0.277777777778
2873	0.277777777778
2874	0.166666666667
2875	0.166666666667
2876	0.222222222222
2877	0.333333333333
2878	0.166666666667
2879	0.333333333333
2880	0.277777777778
2881	0.444444444444
2882	0.388888888889
2883	0.444444444444
2884	0.277777777778
2885	0.277777777778
2886	0.333333333333
2887	0.222222222222
2888	0.333333333333
2889	0.5
2890	0.388888888889
2891	0.222222222222
2892	0.222222222222
2893	0.222222222222
2894	0.277777777778
2895	0.277777777778
2896	0.166666666667
2897	0.333333333333
2898	0.277777777778
2899	0.222222222222
2900	0.166666666667
2901	0.166666666667
2902	0.111111111111
2903	0.166666666667
2904	0.222222222222
2905	0.111111111111
2906	0.111111111111
2907	0.111111111111
2908	0.111111111111
2909	0.111111111111
2910	0.111111111111
2911	0.111111111111
2912	0.111111111111
2913	0.111111111111
2914	0.111111111111
2915	0.111111111111
2916	0.222222222222
2917	0.166666666667
2918	0.166666666667
2919	0.166666666667
2920	0.111111111111
2921	0.166666666667
2922	0.277777777778
2923	0.222222222222
2924	0.222222222222
2925	0.333333333333
2926	0.222222222222
2927	0.333333333333
2928	0.166666666667
2929	0.277777777778
2930	0.277777777778
2931	0.222222222222
2932	0.222222222222
2933	0.444444444444
2934	0.277777777778
2935	0.222222222222
2936	0.333333333333
2937	0.444444444444
2938	0.555555555556
2939	0.277777777778
2940	0.222222222222
2941	0.222222222222
2942	0.333333333333
2943	0.333333333333
2944	0.333333333333
2945	0.333333333333
2946	0.444444444444
2947	0.277777777778
2948	0.166666666667
2949	0.0555555555556
2950	0.0555555555556
2951	0.388888888889
2952	0.222222222222
2953	0.388888888889
2954	0.555555555556
2955	0.444444444444
2956	0.277777777778
2957	0.277777777778
2958	0.277777777778
2959	0.444444444444
2960	0.222222222222
2961	0.333333333333
2962	0.388888888889
2963	0.333333333333
2964	0.166666666667
2965	0.166666666667
2966	0.277777777778
2967	0.277777777778
2968	0.333333333333
2969	0.166666666667
2970	0.277777777778
2971	0.222222222222
2972	0.277777777778
2973	0.277777777778
2974	0.166666666667
2975	0.388888888889
2976	0.222222222222
2977	0.277777777778
2978	0.277777777778
2979	0.166666666667
2980	0.222222222222
2981	0.166666666667
2982	0.222222222222
2983	0.222222222222
2984	0.333333333333
2985	0.388888888889
2986	0.166666666667
2987	0.111111111111
2988	0.111111111111
2989	0.111111111111
2990	0.111111111111
2991	0.166666666667
2992	0.166666666667
2993	0.166666666667
2994	0.111111111111
2995	0.166666666667
2996	0.166666666667
2997	0.111111111111
2998	0.111111111111
2999	0.111111111111
3000	0.111111111111
3001	0.166666666667
3002	0.111111111111
3003	0.166666666667
3004	0.166666666667
3005	0.111111111111
3006	0.111111111111
3007	0.222222222222
3008	0.166666666667
3009	0.166666666667
3010	0.222222222222
3011	0.333333333333
3012	0.333333333333
3013	0.222222222222
3014	0.166666666667
3015	0.333333333333
3016	0.333333333333
3017	0.222222222222
3018	0.166666666667
3019	0.333333333333
3020	0.277777777778
3021	0.277777777778
3022	0.222222222222
3023	0.444444444444
3024	0.222222222222
3025	0.333333333333
3026	0.388888888889
3027	0.388888888889
3028	0.222222222222
3029	0.111111111111
3030	0.277777777778
3031	0.0555555555556
3032	0.5
3033	0.166666666667
3034	0.444444444444
3035	0.111111111111
3036	0.111111111111
3037	0.222222222222
3038	0.222222222222
3039	0.277777777778
3040	0.222222222222
3041	0.111111111111
3042	0.111111111111
3043	0.277777777778
3044	0.277777777778
3045	0.222222222222
3046	0.333333333333
3047	0.166666666667
3048	0.277777777778
3049	0.388888888889
3050	0.222222222222
3051	0.222222222222
3052	0.388888888889
3053	0.277777777778
3054	0.222222222222
3055	0.388888888889
3056	0.277777777778
3057	0.333333333333
3058	0.166666666667
3059	0.388888888889
3060	0.222222222222
3061	0.333333333333
3062	0.166666666667
3063	0.333333333333
3064	0.166666666667
3065	0.222222222222
3066	0.333333333333
3067	0.388888888889
3068	0.277777777778
3069	0.111111111111
3070	0.166666666667
3071	0.111111111111
3072	0.0555555555556
3073	0.111111111111
3074	0.0555555555556
3075	0.111111111111
3076	0.0555555555556
3077	0.0555555555556
3078	0.111111111111
3079	0.111111111111
3080	0.111111111111
3081	0.0555555555556
3082	0.111111111111
3083	0.0555555555556
3084	0.0555555555556
3085	0.0555555555556
3086	0.0555555555556
3087	0.0555555555556
3088	0.0555555555556
3089	0.0555555555556
3090	0.0555555555556
3091	0.111111111111
3092	0.111111111111
3093	0.111111111111
3094	0.111111111111
3095	0.0555555555556
3096	0.0555555555556
3097	0.111111111111
3098	0.0555555555556
3099	0.0555555555556
3100	0.0555555555556
3101	0.0555555555556
3102	0.0555555555556
3103	0.0555555555556
3104	0.0555555555556
3105	0.0555555555556
3106	0.0555555555556
3107	0.0555555555556
3108	0.0555555555556
3109	0.0555555555556
3110	0.0555555555556
3111	0.0555555555556
3112	0.0555555555556
3113	0.0555555555556
3114	0.0555555555556
3115	0.0555555555556
3116	0.0555555555556
3117	0.0555555555556
3118	0.0555555555556
3119	0.0555555555556
3120	0.0555555555556
3121	0.0555555555556
3122	0.0555555555556
3123	0.0555555555556
3124	0.0555555555556
3125	0.0555555555556
3126	0.0555555555556
3127	0.0555555555556
3128	0.0555555555556
3129	0.0555555555556
3130	0.0555555555556
3131	0.277777777778
3132	0.5
3133	0.333333333333
3134	0.222222222222
3135	0.222222222222
3136	0.277777777778
3137	0.222222222222
3138	0.444444444444
3139	0.166666666667
3140	0.166666666667
3141	0.222222222222
3142	0.333333333333
3143	0.277777777778
3144	0.222222222222
3145	0.222222222222
3146	0.388888888889
3147	0.222222222222
3148	0.222222222222
3149	0.111111111111
3150	0.111111111111
3151	0.111111111111
3152	0.166666666667
3153	0.166666666667
3154	0.111111111111
3155	0.166666666667
3156	0.111111111111
3157	0.0555555555556
3158	0.0555555555556
3159	0.0555555555556
3160	0.0555555555556
3161	0.0555555555556
3162	0.0555555555556
3163	0.0555555555556
3164	0.0555555555556
3165	0.0555555555556
3166	0.0555555555556
3167	0.0555555555556
3168	0.0555555555556
3169	0.0555555555556
3170	0.0555555555556
3171	0.0555555555556
3172	0.0555555555556
3173	0.0555555555556
3174	0.0555555555556
3175	0.0555555555556
3176	0.0555555555556
3177	0.0555555555556
3178	0.0555555555556
3179	0.0555555555556
3180	0.0555555555556
3181	0.0555555555556
3182	0.0555555555556
3183	0.0555555555556
3184	0.0555555555556
3185	0.0555555555556
3186	0.0555555555556
3187	0.0555555555556
3188	0.0555555555556
3189	0.0555555555556
3190	0.0555555555556
3191	0.0555555555556
3192	0.166666666667
3193	0.166666666667
3194	0.166666666667
3195	0.222222222222
3196	0.277777777778
3197	0.222222222222
3198	0.111111111111
3199	0.222222222222
3200	0.222222222222
3201	0.166666666667
3202	0.0555555555556
3203	0.0555555555556
3204	0.0555555555556
3205	0.0555555555556
3206	0.0555555555556
3207	0.0555555555556
3208	0.0555555555556
3209	0.0555555555556
3210	0.0555555555556
3211	0.0555555555556
3212	0.0555555555556
3213	0.0555555555556
3214	0.0555555555556
3215	0.0555555555556
3216	0.0555555555556
3217	0.0555555555556
3218	0.0555555555556
3219	0.0555555555556
3220	0.0555555555556
3221	0.0555555555556
3222	0.0555555555556
3223	0.0555555555556
3224	0.0555555555556
3225	0.0555555555556
3226	0.0555555555556
3227	0.0555555555556
3228	0.0555555555556
3229	0.0555555555556
3230	0.0555555555556
3231	0.0555555555556
3232	0.166666666667
3233	0.222222222222
3234	0.222222222222
3235	0.166666666667
3236	0.222222222222
3237	0.277777777778
3238	0.277777777778
3239	0.277777777778
3240	0.222222222222
3241	0.111111111111
3242	0.166666666667
3243	0.111111111111
3244	0.111111111111
3245	0.111111111111
3246	0.111111111111
3247	0.111111111111
3248	0.111111111111
3249	0.166666666667
3250	0.166666666667
3251	0.166666666667
3252	0.111111111111
3253	0.111111111111
3254	0.333333333333
3255	0.222222222222
3256	0.166666666667
3257	0.222222222222
3258	0.277777777778
3259	0.277777777778
3260	0.166666666667
3261	0.111111111111
3262	0.166666666667
3263	0.111111111111
3264	0.222222222222
3265	0.277777777778
3266	0.111111111111
3267	0.166666666667
3268	0.277777777778
3269	0.166666666667
3270	0.111111111111
3271	0.277777777778
3272	0.166666666667
3273	0.166666666667
3274	0.0555555555556
3275	0.0555555555556
3276	0.0555555555556
3277	0.222222222222
3278	0.333333333333
3279	0.111111111111
3280	0.166666666667
3281	0.222222222222
3282	0.166666666667
3283	0.333333333333
3284	0.222222222222
3285	0.277777777778
3286	0.222222222222
3287	0.166666666667
3288	0.277777777778
3289	0.166666666667
3290	0.388888888889
3291	0.333333333333
3292	0.222222222222
3293	0.222222222222
3294	0.277777777778
3295	0.166666666667
3296	0.111111111111
3297	0.111111111111
3298	0.166666666667
3299	0.166666666667
3300	0.166666666667
3301	0.166666666667
3302	0.166666666667
3303	0.166666666667
3304	0.111111111111
3305	0.111111111111
3306	0.111111111111
3307	0.111111111111
3308	0.111111111111
3309	0.111111111111
3310	0.166666666667
3311	0.111111111111
3312	0.111111111111
3313	0.111111111111
3314	0.111111111111
3315	0.111111111111
3316	0.166666666667
3317	0.111111111111
3318	0.111111111111
3319	0.166666666667
3320	0.111111111111
3321	0.111111111111
3322	0.166666666667
3323	0.111111111111
3324	0.111111111111
3325	0.166666666667
3326	0.166666666667
3327	0.111111111111
3328	0.166666666667
3329	0.166666666667
3330	0.111111111111
3331	0.111111111111
3332	0.111111111111
3333	0.111111111111
3334	0.111111111111
3335	0.111111111111
3336	0.166666666667
3337	0.222222222222
3338	0.166666666667
3339	0.166666666667
3340	0.111111111111
3341	0.166666666667
3342	0.222222222222
3343	0.111111111111
3344	0.111111111111
3345	0.222222222222
3346	0.111111111111
3347	0.166666666667
3348	0.222222222222
3349	0.166666666667
3350	0.111111111111
3351	0.166666666667
3352	0.166666666667
3353	0.222222222222
3354	0.166666666667
3355	0.166666666667
3356	0.166666666667
3357	0.0555555555556
3358	0.0555555555556
3359	0.111111111111
3360	0.0555555555556
3361	0.0555555555556
3362	0.0555555555556
3363	0.0555555555556
3364	0.0555555555556
3365	0.0555555555556
3366	0.0555555555556
3367	0.0555555555556
3368	0.111111111111
3369	0.0555555555556
3370	0.111111111111
3371	0.0555555555556
3372	0.0555555555556
3373	0.0555555555556
3374	0.0555555555556
3375	0.111111111111
3376	0.0555555555556
3377	0.111111111111
3378	0.111111111111
3379	0.0555555555556
3380	0.0555555555556
3381	0.111111111111
3382	0.0555555555556
3383	0.111111111111
3384	0.111111111111
3385	0.0555555555556
3386	0.0555555555556
3387	0.111111111111
3388	0.0555555555556
3389	0.0555555555556
3390	0.111111111111
3391	0.111111111111
3392	0.0555555555556
3393	0.0555555555556
3394	0.0555555555556
3395	0.111111111111
3396	0.0555555555556
3397	0.111111111111
3398	0.0555555555556
3399	0.111111111111
3400	0.111111111111
3401	0.0555555555556
3402	0.0555555555556
3403	0.0555555555556
3404	0.0555555555556
3405	0.0555555555556
3406	0.0555555555556
3407	0.0555555555556
3408	0.0555555555556
3409	0.0555555555556
3410	0.0555555555556
3411	0.0555555555556
3412	0.0555555555556
3413	0.111111111111
3414	0.111111111111
3415	0.166666666667
3416	0.166666666667
3417	0.166666666667
3418	0.222222222222
3419	0.222222222222
3420	0.111111111111
3421	0.222222222222
3422	0.277777777778
3423	0.222222222222
3424	0.166666666667
3425	0.166666666667
3426	0.166666666667
3427	0.222222222222
3428	0.222222222222
3429	0.444444444444
3430	0.166666666667
3431	0.222222222222
3432	0.333333333333
3433	0.0555555555556
3434	0.0555555555556
3435	0.388888888889
3436	0.388888888889
3437	0.5
3438	0.5
3439	0.333333333333
3440	0.277777777778
3441	0.222222222222
3442	0.388888888889
3443	0.166666666667
3444	0.166666666667
3445	0.277777777778
3446	0.111111111111
3447	0.111111111111
3448	0.333333333333
3449	0.111111111111
3450	0.277777777778
3451	0.222222222222
3452	0.166666666667
3453	0.277777777778
3454	0.111111111111
3455	0.166666666667
3456	0.166666666667
3457	0.166666666667
3458	0.166666666667
3459	0.111111111111
3460	0.166666666667
3461	0.111111111111
3462	0.222222222222
3463	0.222222222222
3464	0.166666666667
3465	0.166666666667
3466	0.166666666667
3467	0.166666666667
3468	0.222222222222
3469	0.111111111111
3470	0.222222222222
3471	0.111111111111
3472	0.111111111111
3473	0.222222222222
3474	0.111111111111
3475	0.111111111111
3476	0.111111111111
3477	0.111111111111
3478	0.0555555555556
3479	0.111111111111
3480	0.0555555555556
3481	0.111111111111
3482	0.0555555555556
3483	0.0555555555556
3484	0.0555555555556
3485	0.0555555555556
3486	0.0555555555556
3487	0.0555555555556
3488	0.0555555555556
3489	0.0555555555556
3490	0.0555555555556
3491	0.0555555555556
3492	0.0555555555556
3493	0.0555555555556
3494	0.0555555555556
3495	0.0555555555556
3496	0.0555555555556
3497	0.0555555555556
3498	0.222222222222
3499	0.166666666667
3500	0.166666666667
3501	0.166666666667
3502	0.166666666667
3503	0.166666666667
3504	0.277777777778
3505	0.111111111111
3506	0.222222222222
3507	0.222222222222
3508	0.222222222222
3509	0.111111111111
3510	0.222222222222
3511	0.166666666667
3512	0.166666666667
3513	0.166666666667
3514	0.166666666667
3515	0.111111111111
3516	0.222222222222
3517	0.166666666667
3518	0.222222222222
3519	0.166666666667
3520	0.222222222222
3521	0.222222222222
3522	0.277777777778
3523	0.222222222222
3524	0.222222222222
3525	0.222222222222
3526	0.111111111111
3527	0.111111111111
3528	0.0555555555556
3529	0.111111111111
3530	0.111111111111
3531	0.0555555555556
3532	0.111111111111
3533	0.222222222222
3534	0.0555555555556
3535	0.111111111111
3536	0.166666666667
3537	0.166666666667
3538	0.166666666667
3539	0.111111111111
3540	0.166666666667
3541	0.111111111111
3542	0.166666666667
3543	0.111111111111
3544	0.111111111111
3545	0.222222222222
3546	0.166666666667
3547	0.111111111111
3548	0.0555555555556
3549	0.166666666667
3550	0.166666666667
3551	0.111111111111
3552	0.111111111111
3553	0.0555555555556
3554	0.111111111111
3555	0.111111111111
3556	0.111111111111
3557	0.166666666667
3558	0.166666666667
3559	0.111111111111
3560	0.222222222222
3561	0.111111111111
3562	0.0555555555556
3563	0.111111111111
3564	0.0555555555556
3565	0.111111111111
3566	0.166666666667
3567	0.111111111111
3568	0.111111111111
3569	0.111111111111
3570	0.222222222222
3571	0.333333333333
3572	0.277777777778
3573	0.333333333333
3574	0.333333333333
3575	0.277777777778
3576	0.277777777778
3577	0.222222222222
3578	0.277777777778
3579	0.388888888889
3580	0.5
3581	0.388888888889
3582	0.277777777778
3583	0.333333333333
3584	0.222222222222
3585	0.388888888889
3586	0.166666666667
3587	0.166666666667
3588	0.111111111111
3589	0.111111111111
3590	0.111111111111
3591	0.111111111111
3592	0.111111111111
3593	0.0555555555556
3594	0.111111111111
3595	0.0555555555556
3596	0.0555555555556
3597	0.111111111111
3598	0.111111111111
3599	0.0555555555556
3600	0.0555555555556
3601	0.0555555555556
3602	0.111111111111
3603	0.0555555555556
3604	0.111111111111
3605	0.0555555555556
3606	0.0555555555556
3607	0.0555555555556
3608	0.111111111111
3609	0.0555555555556
3610	0.0555555555556
3611	0.111111111111
3612	0.0555555555556
3613	0.111111111111
3614	0.111111111111
3615	0.0555555555556
3616	0.0555555555556
3617	0.111111111111
3618	0.0555555555556
3619	0.111111111111
3620	0.111111111111
3621	0.0555555555556
3622	0.0555555555556
3623	0.0555555555556
3624	0.111111111111
3625	0.111111111111
3626	0.0555555555556
3627	0.0555555555556
3628	0.0555555555556
3629	0.0555555555556
3630	0.0555555555556
3631	0.0555555555556
3632	0.0555555555556
3633	0.0555555555556
3634	0.0555555555556
3635	0.0555555555556
3636	0.0555555555556
3637	0.0555555555556
3638	0.0555555555556
3639	0.0555555555556
3640	0.0555555555556
3641	0.0555555555556
3642	0.0555555555556
3643	0.0555555555556
3644	0.0555555555556
3645	0.111111111111
3646	0.0555555555556
3647	0.0555555555556
3648	0.111111111111
3649	0.111111111111
3650	0.0555555555556
3651	0.0555555555556
3652	0.0555555555556
3653	0.0555555555556
3654	0.0555555555556
3655	0.0555555555556
3656	0.0555555555556
3657	0.0555555555556
3658	0.111111111111
3659	0.111111111111
3660	0.0555555555556
3661	0.0555555555556
3662	0.111111111111
3663	0.111111111111
3664	0.0555555555556
3665	0.111111111111
3666	0.0555555555556
3667	0.0555555555556
3668	0.111111111111
3669	0.111111111111
3670	0.0555555555556
3671	0.0555555555556
3672	0.111111111111
3673	0.111111111111
3674	0.111111111111
3675	0.0555555555556
3676	0.0555555555556
3677	0.0555555555556
3678	0.0555555555556
3679	0.0555555555556
3680	0.0555555555556
3681	0.111111111111
3682	0.0555555555556
3683	0.0555555555556
3684	0.0555555555556
3685	0.0555555555556
3686	0.0555555555556
3687	0.111111111111
3688	0.0555555555556
3689	0.0555555555556
3690	0.111111111111
3691	0.111111111111
3692	0.111111111111
3693	0.111111111111
3694	0.0555555555556
3695	0.0555555555556
3696	0.0555555555556
3697	0.111111111111
3698	0.0555555555556
3699	0.111111111111
3700	0.0555555555556
3701	0.0555555555556
3702	0.0555555555556
3703	0.111111111111
3704	0.0555555555556
3705	0.111111111111
3706	0.0555555555556
3707	0.0555555555556
3708	0.111111111111
3709	0.111111111111
3710	0.0555555555556
3711	0.0555555555556
3712	0.111111111111
3713	0.111111111111
3714	0.166666666667
3715	0.0555555555556
3716	0.166666666667
3717	0.111111111111
3718	0.111111111111
3719	0.111111111111
3720	0.166666666667
3721	0.111111111111
3722	0.111111111111
3723	0.0555555555556
3724	0.0555555555556
3725	0.0555555555556
3726	0.0555555555556
3727	0.166666666667
3728	0.111111111111
3729	0.111111111111
3730	0.111111111111
3731	0.111111111111
3732	0.166666666667
3733	0.111111111111
3734	0.111111111111
3735	0.111111111111
3736	0.111111111111
3737	0.111111111111
3738	0.0555555555556
3739	0.111111111111
3740	0.0555555555556
3741	0.111111111111
3742	0.111111111111
3743	0.0555555555556
3744	0.111111111111
3745	0.111111111111
3746	0.111111111111
3747	0.111111111111
3748	0.111111111111
3749	0.0555555555556
3750	0.0555555555556
3751	0.0555555555556
3752	0.0555555555556
3753	0.111111111111
3754	0.0555555555556
3755	0.0555555555556
3756	0.0555555555556
3757	0.0555555555556
3758	0.0555555555556
3759	0.0555555555556
3760	0.0555555555556
3761	0.0555555555556
3762	0.0555555555556
3763	0.0555555555556
3764	0.0555555555556
3765	0.0555555555556
3766	0.0555555555556
3767	0.0555555555556
3768	0.0555555555556
3769	0.0555555555556
3770	0.0555555555556
3771	0.0555555555556
3772	0.0555555555556
3773	0.0555555555556
3774	0.111111111111
3775	0.111111111111
3776	0.111111111111
3777	0.111111111111
3778	0.111111111111
3779	0.0555555555556
3780	0.111111111111
3781	0.0555555555556
3782	0.0555555555556
3783	0.0555555555556
3784	0.0555555555556
3785	0.111111111111
3786	0.0555555555556
3787	0.166666666667
3788	0.111111111111
3789	0.111111111111
3790	0.111111111111
3791	0.111111111111
3792	0.111111111111
3793	0.111111111111
3794	0.166666666667
3795	0.0555555555556
3796	0.111111111111
3797	0.111111111111
3798	0.0555555555556
3799	0.0555555555556
3800	0.111111111111
3801	0.111111111111
3802	0.111111111111
3803	0.111111111111
3804	0.111111111111
3805	0.166666666667
3806	0.0555555555556
3807	0.111111111111
3808	0.111111111111
3809	0.0555555555556
3810	0.111111111111
3811	0.0555555555556
3812	0.0555555555556
3813	0.0555555555556
3814	0.111111111111
3815	0.0555555555556
3816	0.0555555555556
3817	0.0555555555556
3818	0.0555555555556
3819	0.0555555555556
3820	0.111111111111
3821	0.111111111111
3822	0.111111111111
3823	0.111111111111
3824	0.111111111111
3825	0.111111111111
3826	0.0555555555556
3827	0.111111111111
3828	0.0555555555556
3829	0.0555555555556
3830	0.111111111111
3831	0.0555555555556
3832	0.0555555555556
3833	0.111111111111
3834	0.111111111111
3835	0.111111111111
3836	0.111111111111
3837	0.0555555555556
3838	0.0555555555556
3839	0.0555555555556
3840	0.111111111111
3841	0.0555555555556
3842	0.0555555555556
3843	0.111111111111
3844	0.111111111111
3845	0.111111111111
3846	0.0555555555556
3847	0.0555555555556
3848	0.111111111111
3849	0.0555555555556
3850	0.0555555555556
3851	0.0555555555556
3852	0.0555555555556
3853	0.0555555555556
3854	0.0555555555556
3855	0.0555555555556
3856	0.0555555555556
3857	0.111111111111
3858	0.111111111111
3859	0.111111111111
3860	0.111111111111
3861	0.111111111111
3862	0.166666666667
3863	0.111111111111
3864	0.111111111111
3865	0.111111111111
3866	0.0555555555556
3867	0.111111111111
3868	0.111111111111
3869	0.0555555555556
3870	0.166666666667
3871	0.111111111111
3872	0.111111111111
3873	0.166666666667
3874	0.111111111111
3875	0.111111111111
3876	0.166666666667
3877	0.111111111111
3878	0.111111111111
3879	0.111111111111
3880	0.0555555555556
3881	0.111111111111
3882	0.0555555555556
3883	0.0555555555556
3884	0.0555555555556
3885	0.0555555555556
3886	0.0555555555556
3887	0.0555555555556
3888	0.0555555555556
3889	0.111111111111
3890	0.111111111111
3891	0.111111111111
3892	0.111111111111
3893	0.0555555555556
3894	0.0555555555556
3895	0.0555555555556
3896	0.111111111111
3897	0.111111111111
3898	0.0555555555556
3899	0.166666666667
3900	0.166666666667
3901	0.166666666667
3902	0.0555555555556
3903	0.166666666667
3904	0.166666666667
3905	0.166666666667
3906	0.111111111111
3907	0.111111111111
3908	0.111111111111
3909	0.166666666667
3910	0.166666666667
3911	0.111111111111
3912	0.0555555555556
3913	0.166666666667
3914	0.166666666667
3915	0.166666666667
3916	0.111111111111
3917	0.0555555555556
3918	0.222222222222
3919	0.111111111111
3920	0.111111111111
3921	0.277777777778
3922	0.166666666667
3923	0.444444444444
3924	0.333333333333
3925	0.111111111111
3926	0.111111111111
3927	0.111111111111
3928	0.0555555555556
3929	0.111111111111
3930	0.0555555555556
3931	0.0555555555556
3932	0.111111111111
3933	0.111111111111
3934	0.0555555555556
3935	0.111111111111
3936	0.111111111111
3937	0.111111111111
3938	0.111111111111
3939	0.0555555555556
3940	0.0555555555556
3941	0.0555555555556
3942	0.0555555555556
3943	0.111111111111
3944	0.111111111111
3945	0.111111111111
3946	0.0555555555556
3947	0.0555555555556
3948	0.0555555555556
3949	0.0555555555556
3950	0.0555555555556
3951	0.0555555555556
3952	0.0555555555556
3953	0.0555555555556
3954	0.0555555555556
3955	0.0555555555556
3956	0.0555555555556
3957	0.0555555555556
3958	0.0555555555556
3959	0.0555555555556
3960	0.0555555555556
3961	0.0555555555556
3962	0.0555555555556
3963	0.0555555555556
3964	0.0555555555556
3965	0.0555555555556
3966	0.0555555555556
3967	0.0555555555556
3968	0.0555555555556
3969	0.111111111111
3970	0.111111111111
3971	0.0555555555556
3972	0.0555555555556
3973	0.111111111111
3974	0.111111111111
3975	0.111111111111
3976	0.111111111111
3977	0.111111111111
3978	0.111111111111
3979	0.0555555555556
3980	0.0555555555556
3981	0.0555555555556
3982	0.111111111111
3983	0.0555555555556
3984	0.111111111111
3985	0.111111111111
3986	0.0555555555556
3987	0.0555555555556
3988	0.0555555555556
3989	0.0555555555556
3990	0.0555555555556
3991	0.0555555555556
3992	0.0555555555556
3993	0.0555555555556
3994	0.0555555555556
3995	0.0555555555556
3996	0.0555555555556
3997	0.0555555555556
3998	0.0555555555556
3999	0.0555555555556
4000	0.0555555555556
4001	0.0555555555556
4002	0.0555555555556
4003	0.0555555555556
4004	0.0555555555556
4005	0.0555555555556
4006	0.0555555555556
4007	0.0555555555556
4008	0.222222222222
4009	0.166666666667
4010	0.222222222222
