1	0.235294117647
2	0.235294117647
3	0.235294117647
4	0.294117647059
5	0.235294117647
6	0.176470588235
7	0.176470588235
8	0.117647058824
9	0.0588235294118
10	0.0588235294118
11	0.117647058824
12	0.117647058824
13	0.0588235294118
14	0.0588235294118
15	0.117647058824
16	0.0588235294118
17	0.117647058824
18	0.117647058824
19	0.176470588235
20	0.176470588235
21	0.117647058824
22	0.117647058824
23	0.176470588235
24	0.0588235294118
25	0.0588235294118
26	0.0588235294118
27	0.117647058824
28	0.0588235294118
29	0.117647058824
30	0.0588235294118
31	0.0588235294118
32	0.117647058824
33	0.117647058824
34	0.117647058824
35	0.176470588235
36	0.176470588235
37	0.117647058824
38	0.117647058824
39	0.117647058824
40	0.176470588235
41	0.117647058824
42	0.0588235294118
43	0.0588235294118
44	0.0588235294118
45	0.0588235294118
46	0.0588235294118
47	0.0588235294118
48	0.0588235294118
49	0.0588235294118
50	0.0588235294118
51	0.0588235294118
52	0.0588235294118
53	0.0588235294118
54	0.0588235294118
55	0.0588235294118
56	0.0588235294118
57	0.0588235294118
58	0.176470588235
59	0.117647058824
60	0.176470588235
61	0.235294117647
62	0.235294117647
63	0.117647058824
64	0.176470588235
65	0.176470588235
66	0.117647058824
67	0.117647058824
68	0.294117647059
69	0.352941176471
70	0.294117647059
71	0.176470588235
72	0.117647058824
73	0.176470588235
74	0.117647058824
75	0.0588235294118
76	0.0588235294118
77	0.0588235294118
78	0.117647058824
79	0.117647058824
80	0.235294117647
81	0.117647058824
82	0.117647058824
83	0.117647058824
84	0.235294117647
85	0.176470588235
86	0.235294117647
87	0.176470588235
88	0.176470588235
89	0.176470588235
90	0.117647058824
91	0.117647058824
92	0.117647058824
93	0.176470588235
94	0.117647058824
95	0.117647058824
96	0.117647058824
97	0.117647058824
98	0.0588235294118
99	0.117647058824
100	0.117647058824
101	0.117647058824
102	0.0588235294118
103	0.117647058824
104	0.0588235294118
105	0.117647058824
106	0.117647058824
107	0.117647058824
108	0.117647058824
109	0.0588235294118
110	0.0588235294118
111	0.0588235294118
112	0.0588235294118
113	0.117647058824
114	0.0588235294118
115	0.0588235294118
116	0.117647058824
117	0.117647058824
118	0.117647058824
119	0.0588235294118
120	0.0588235294118
121	0.0588235294118
122	0.0588235294118
123	0.0588235294118
124	0.0588235294118
125	0.0588235294118
126	0.0588235294118
127	0.0588235294118
128	0.0588235294118
129	0.0588235294118
130	0.0588235294118
131	0.0588235294118
132	0.0588235294118
133	0.0588235294118
134	0.176470588235
135	0.117647058824
136	0.117647058824
137	0.0588235294118
138	0.117647058824
139	0.117647058824
140	0.117647058824
141	0.176470588235
142	0.0588235294118
143	0.176470588235
144	0.176470588235
145	0.176470588235
146	0.117647058824
147	0.117647058824
148	0.117647058824
149	0.117647058824
150	0.176470588235
151	0.176470588235
152	0.117647058824
153	0.117647058824
154	0.117647058824
155	0.176470588235
156	0.0588235294118
157	0.0588235294118
158	0.0588235294118
159	0.117647058824
160	0.0588235294118
161	0.0588235294118
162	0.117647058824
163	0.0588235294118
164	0.117647058824
165	0.117647058824
166	0.0588235294118
167	0.0588235294118
168	0.117647058824
169	0.117647058824
170	0.0588235294118
171	0.0588235294118
172	0.0588235294118
173	0.0588235294118
174	0.0588235294118
175	0.0588235294118
176	0.0588235294118
177	0.117647058824
178	0.0588235294118
179	0.0588235294118
180	0.0588235294118
181	0.0588235294118
182	0.0588235294118
183	0.0588235294118
184	0.117647058824
185	0.117647058824
186	0.117647058824
187	0.117647058824
188	0.0588235294118
189	0.0588235294118
190	0.0588235294118
191	0.0588235294118
192	0.117647058824
193	0.117647058824
194	0.0588235294118
195	0.117647058824
196	0.0588235294118
197	0.117647058824
198	0.0588235294118
199	0.117647058824
200	0.117647058824
201	0.117647058824
202	0.0588235294118
203	0.0588235294118
204	0.0588235294118
205	0.117647058824
206	0.0588235294118
207	0.117647058824
208	0.0588235294118
209	0.0588235294118
210	0.0588235294118
211	0.117647058824
212	0.117647058824
213	0.117647058824
214	0.117647058824
215	0.117647058824
216	0.0588235294118
217	0.0588235294118
218	0.117647058824
219	0.117647058824
220	0.0588235294118
221	0.0588235294118
222	0.0588235294118
223	0.0588235294118
224	0.0588235294118
225	0.0588235294118
226	0.117647058824
227	0.117647058824
228	0.117647058824
229	0.117647058824
230	0.117647058824
231	0.117647058824
232	0.0588235294118
233	0.0588235294118
234	0.0588235294118
235	0.0588235294118
236	0.0588235294118
237	0.0588235294118
238	0.0588235294118
239	0.0588235294118
240	0.117647058824
241	0.117647058824
242	0.117647058824
243	0.0588235294118
244	0.0588235294118
245	0.117647058824
246	0.0588235294118
247	0.0588235294118
248	0.0588235294118
249	0.0588235294118
250	0.117647058824
251	0.117647058824
252	0.117647058824
253	0.117647058824
254	0.0588235294118
255	0.0588235294118
256	0.0588235294118
257	0.0588235294118
258	0.117647058824
259	0.117647058824
260	0.0588235294118
261	0.0588235294118
262	0.0588235294118
263	0.0588235294118
264	0.0588235294118
265	0.0588235294118
266	0.0588235294118
267	0.0588235294118
268	0.0588235294118
269	0.117647058824
270	0.117647058824
271	0.117647058824
272	0.0588235294118
273	0.117647058824
274	0.117647058824
275	0.117647058824
276	0.0588235294118
277	0.117647058824
278	0.0588235294118
279	0.0588235294118
280	0.0588235294118
281	0.0588235294118
282	0.0588235294118
283	0.0588235294118
284	0.0588235294118
285	0.0588235294118
286	0.0588235294118
287	0.0588235294118
288	0.0588235294118
289	0.0588235294118
290	0.0588235294118
291	0.0588235294118
292	0.0588235294118
293	0.0588235294118
294	0.0588235294118
295	0.0588235294118
296	0.0588235294118
297	0.0588235294118
298	0.0588235294118
299	0.0588235294118
300	0.0588235294118
301	0.0588235294118
302	0.0588235294118
303	0.0588235294118
304	0.0588235294118
305	0.0588235294118
306	0.0588235294118
307	0.0588235294118
308	0.117647058824
309	0.117647058824
310	0.0588235294118
311	0.0588235294118
312	0.117647058824
313	0.0588235294118
314	0.117647058824
315	0.0588235294118
316	0.0588235294118
317	0.0588235294118
318	0.176470588235
319	0.176470588235
320	0.117647058824
321	0.235294117647
322	0.117647058824
323	0.176470588235
324	0.117647058824
325	0.235294117647
326	0.176470588235
327	0.117647058824
328	0.176470588235
329	0.235294117647
330	0.176470588235
331	0.235294117647
332	0.176470588235
333	0.117647058824
334	0.176470588235
335	0.176470588235
336	0.176470588235
337	0.176470588235
338	0.235294117647
339	0.235294117647
340	0.294117647059
341	0.352941176471
342	0.235294117647
343	0.235294117647
344	0.294117647059
345	0.235294117647
346	0.235294117647
347	0.117647058824
348	0.117647058824
349	0.235294117647
350	0.235294117647
351	0.176470588235
352	0.176470588235
353	0.176470588235
354	0.235294117647
355	0.176470588235
356	0.235294117647
357	0.176470588235
358	0.176470588235
359	0.235294117647
360	0.176470588235
361	0.176470588235
362	0.176470588235
363	0.235294117647
364	0.235294117647
365	0.117647058824
366	0.117647058824
367	0.117647058824
368	0.0588235294118
369	0.117647058824
370	0.0588235294118
371	0.0588235294118
372	0.117647058824
373	0.0588235294118
374	0.0588235294118
375	0.0588235294118
376	0.117647058824
377	0.0588235294118
378	0.0588235294118
379	0.0588235294118
380	0.0588235294118
381	0.117647058824
382	0.0588235294118
383	0.117647058824
384	0.117647058824
385	0.0588235294118
386	0.0588235294118
387	0.0588235294118
388	0.0588235294118
389	0.0588235294118
390	0.0588235294118
391	0.0588235294118
392	0.0588235294118
393	0.0588235294118
394	0.0588235294118
395	0.0588235294118
396	0.0588235294118
397	0.0588235294118
398	0.0588235294118
399	0.0588235294118
400	0.0588235294118
401	0.0588235294118
402	0.0588235294118
403	0.0588235294118
404	0.0588235294118
405	0.0588235294118
406	0.0588235294118
407	0.0588235294118
408	0.0588235294118
409	0.0588235294118
410	0.0588235294118
411	0.0588235294118
412	0.0588235294118
413	0.0588235294118
414	0.235294117647
415	0.235294117647
416	0.352941176471
417	0.294117647059
418	0.235294117647
419	0.294117647059
420	0.470588235294
421	0.352941176471
422	0.352941176471
423	0.352941176471
424	0.294117647059
425	0.294117647059
426	0.235294117647
427	0.294117647059
428	0.352941176471
429	0.294117647059
430	0.176470588235
431	0.0588235294118
432	0.0588235294118
433	0.0588235294118
434	0.0588235294118
435	0.0588235294118
436	0.0588235294118
437	0.117647058824
438	0.117647058824
439	0.0588235294118
440	0.0588235294118
441	0.0588235294118
442	0.0588235294118
443	0.0588235294118
444	0.0588235294118
445	0.0588235294118
446	0.0588235294118
447	0.0588235294118
448	0.117647058824
449	0.0588235294118
450	0.0588235294118
451	0.0588235294118
452	0.0588235294118
453	0.117647058824
454	0.0588235294118
455	0.0588235294118
456	0.117647058824
457	0.117647058824
458	0.0588235294118
459	0.0588235294118
460	0.0588235294118
461	0.117647058824
462	0.0588235294118
463	0.0588235294118
464	0.0588235294118
465	0.117647058824
466	0.117647058824
467	0.0588235294118
468	0.117647058824
469	0.0588235294118
470	0.0588235294118
471	0.117647058824
472	0.0588235294118
473	0.0588235294118
474	0.0588235294118
475	0.0588235294118
476	0.0588235294118
477	0.0588235294118
478	0.0588235294118
479	0.0588235294118
480	0.117647058824
481	0.117647058824
482	0.0588235294118
483	0.0588235294118
484	0.117647058824
485	0.117647058824
486	0.117647058824
487	0.117647058824
488	0.117647058824
489	0.117647058824
490	0.0588235294118
491	0.117647058824
492	0.117647058824
493	0.117647058824
494	0.117647058824
495	0.117647058824
496	0.117647058824
497	0.117647058824
498	0.117647058824
499	0.117647058824
500	0.0588235294118
501	0.0588235294118
502	0.0588235294118
503	0.117647058824
504	0.117647058824
505	0.0588235294118
506	0.0588235294118
507	0.117647058824
508	0.117647058824
509	0.0588235294118
510	0.0588235294118
511	0.0588235294118
512	0.0588235294118
513	0.0588235294118
514	0.0588235294118
515	0.0588235294118
516	0.0588235294118
517	0.0588235294118
518	0.0588235294118
519	0.0588235294118
520	0.0588235294118
521	0.0588235294118
522	0.0588235294118
523	0.0588235294118
524	0.0588235294118
525	0.0588235294118
526	0.0588235294118
527	0.0588235294118
528	0.0588235294118
529	0.0588235294118
530	0.117647058824
531	0.117647058824
532	0.0588235294118
533	0.117647058824
534	0.0588235294118
535	0.117647058824
536	0.0588235294118
537	0.176470588235
538	0.117647058824
539	0.117647058824
540	0.117647058824
541	0.117647058824
542	0.117647058824
543	0.176470588235
544	0.117647058824
545	0.176470588235
546	0.117647058824
547	0.176470588235
548	0.235294117647
549	0.235294117647
550	0.117647058824
551	0.235294117647
552	0.176470588235
553	0.235294117647
554	0.176470588235
555	0.117647058824
556	0.176470588235
557	0.176470588235
558	0.117647058824
559	0.176470588235
560	0.235294117647
561	0.176470588235
562	0.176470588235
563	0.176470588235
564	0.176470588235
565	0.176470588235
566	0.176470588235
567	0.117647058824
568	0.117647058824
569	0.117647058824
570	0.117647058824
571	0.117647058824
572	0.117647058824
573	0.117647058824
574	0.117647058824
575	0.176470588235
576	0.176470588235
577	0.117647058824
578	0.117647058824
579	0.117647058824
580	0.117647058824
581	0.176470588235
582	0.117647058824
583	0.117647058824
584	0.0588235294118
585	0.176470588235
586	0.176470588235
587	0.176470588235
588	0.117647058824
589	0.176470588235
590	0.117647058824
591	0.176470588235
592	0.117647058824
593	0.117647058824
594	0.117647058824
595	0.117647058824
596	0.117647058824
597	0.117647058824
598	0.176470588235
599	0.0588235294118
600	0.0588235294118
601	0.0588235294118
602	0.117647058824
603	0.176470588235
604	0.176470588235
605	0.176470588235
606	0.176470588235
607	0.117647058824
608	0.176470588235
609	0.411764705882
610	0.235294117647
611	0.294117647059
612	0.294117647059
613	0.411764705882
614	0.411764705882
615	0.294117647059
616	0.294117647059
617	0.0588235294118
618	0.0588235294118
619	0.0588235294118
620	0.0588235294118
621	0.0588235294118
622	0.0588235294118
623	0.0588235294118
624	0.0588235294118
625	0.0588235294118
626	0.0588235294118
627	0.0588235294118
628	0.0588235294118
629	0.0588235294118
630	0.0588235294118
631	0.0588235294118
632	0.0588235294118
633	0.0588235294118
634	0.0588235294118
635	0.0588235294118
636	0.0588235294118
637	0.0588235294118
638	0.0588235294118
639	0.0588235294118
640	0.0588235294118
641	0.0588235294118
642	0.0588235294118
643	0.0588235294118
644	0.0588235294118
645	0.0588235294118
646	0.0588235294118
647	0.0588235294118
648	0.0588235294118
649	0.0588235294118
650	0.0588235294118
651	0.0588235294118
652	0.0588235294118
653	0.0588235294118
654	0.0588235294118
655	0.0588235294118
656	0.0588235294118
657	0.0588235294118
658	0.0588235294118
659	0.0588235294118
660	0.0588235294118
661	0.0588235294118
662	0.0588235294118
663	0.0588235294118
664	0.0588235294118
665	0.0588235294118
666	0.0588235294118
667	0.0588235294118
668	0.0588235294118
669	0.0588235294118
670	0.0588235294118
671	0.0588235294118
672	0.0588235294118
673	0.0588235294118
674	0.235294117647
675	0.294117647059
676	0.352941176471
677	0.352941176471
678	0.352941176471
679	0.235294117647
680	0.352941176471
681	0.176470588235
682	0.176470588235
683	0.411764705882
684	0.235294117647
685	0.352941176471
686	0.235294117647
687	0.352941176471
688	0.294117647059
689	0.470588235294
690	0.411764705882
691	0.470588235294
692	0.176470588235
693	0.176470588235
694	0.176470588235
695	0.0588235294118
696	0.0588235294118
697	0.0588235294118
698	0.0588235294118
699	0.0588235294118
700	0.0588235294118
701	0.0588235294118
702	0.0588235294118
703	0.0588235294118
704	0.0588235294118
705	0.0588235294118
706	0.0588235294118
707	0.0588235294118
708	0.0588235294118
709	0.0588235294118
710	0.0588235294118
711	0.0588235294118
712	0.0588235294118
713	0.0588235294118
714	0.0588235294118
715	0.0588235294118
716	0.0588235294118
717	0.0588235294118
718	0.0588235294118
719	0.0588235294118
720	0.117647058824
721	0.0588235294118
722	0.176470588235
723	0.176470588235
724	0.117647058824
725	0.235294117647
726	0.117647058824
727	0.176470588235
728	0.176470588235
729	0.117647058824
730	0.117647058824
731	0.117647058824
732	0.117647058824
733	0.117647058824
734	0.117647058824
735	0.176470588235
736	0.176470588235
737	0.176470588235
738	0.176470588235
739	0.117647058824
740	0.117647058824
741	0.235294117647
742	0.117647058824
743	0.117647058824
744	0.176470588235
745	0.235294117647
746	0.176470588235
747	0.117647058824
748	0.235294117647
749	0.176470588235
750	0.0588235294118
751	0.117647058824
752	0.117647058824
753	0.176470588235
754	0.117647058824
755	0.176470588235
756	0.117647058824
757	0.0588235294118
758	0.0588235294118
759	0.0588235294118
760	0.0588235294118
761	0.0588235294118
762	0.0588235294118
763	0.0588235294118
764	0.0588235294118
765	0.0588235294118
766	0.0588235294118
767	0.0588235294118
768	0.0588235294118
769	0.0588235294118
770	0.0588235294118
771	0.117647058824
772	0.117647058824
773	0.0588235294118
774	0.0588235294118
775	0.117647058824
776	0.0588235294118
777	0.117647058824
778	0.117647058824
779	0.117647058824
780	0.0588235294118
781	0.117647058824
782	0.117647058824
783	0.117647058824
784	0.0588235294118
785	0.117647058824
786	0.0588235294118
787	0.0588235294118
788	0.0588235294118
789	0.117647058824
790	0.0588235294118
791	0.117647058824
792	0.117647058824
793	0.117647058824
794	0.0588235294118
795	0.0588235294118
796	0.0588235294118
797	0.0588235294118
798	0.0588235294118
799	0.0588235294118
800	0.0588235294118
801	0.0588235294118
802	0.0588235294118
803	0.0588235294118
804	0.0588235294118
805	0.0588235294118
806	0.0588235294118
807	0.0588235294118
808	0.0588235294118
809	0.0588235294118
810	0.0588235294118
811	0.0588235294118
812	0.0588235294118
813	0.0588235294118
814	0.0588235294118
815	0.0588235294118
816	0.117647058824
817	0.117647058824
818	0.0588235294118
819	0.176470588235
820	0.117647058824
821	0.176470588235
822	0.117647058824
823	0.117647058824
824	0.176470588235
825	0.176470588235
826	0.176470588235
827	0.176470588235
828	0.0588235294118
829	0.176470588235
830	0.176470588235
831	0.117647058824
832	0.176470588235
833	0.176470588235
834	0.176470588235
835	0.235294117647
836	0.176470588235
837	0.117647058824
838	0.235294117647
839	0.235294117647
840	0.117647058824
841	0.176470588235
842	0.176470588235
843	0.117647058824
844	0.176470588235
845	0.117647058824
846	0.117647058824
847	0.117647058824
848	0.117647058824
849	0.117647058824
850	0.117647058824
851	0.117647058824
852	0.0588235294118
853	0.117647058824
854	0.117647058824
855	0.117647058824
856	0.117647058824
857	0.117647058824
858	0.117647058824
859	0.117647058824
860	0.117647058824
861	0.176470588235
862	0.117647058824
863	0.117647058824
864	0.117647058824
865	0.176470588235
866	0.117647058824
867	0.176470588235
868	0.117647058824
869	0.176470588235
870	0.117647058824
871	0.117647058824
872	0.117647058824
873	0.0588235294118
874	0.117647058824
875	0.117647058824
876	0.117647058824
877	0.117647058824
878	0.117647058824
879	0.117647058824
880	0.117647058824
881	0.117647058824
882	0.117647058824
883	0.117647058824
884	0.117647058824
885	0.117647058824
886	0.117647058824
887	0.117647058824
888	0.176470588235
889	0.117647058824
890	0.176470588235
891	0.176470588235
892	0.117647058824
893	0.294117647059
894	0.235294117647
895	0.176470588235
896	0.411764705882
897	0.294117647059
898	0.294117647059
899	0.470588235294
900	0.294117647059
901	0.352941176471
902	0.176470588235
903	0.294117647059
904	0.294117647059
905	0.588235294118
906	0.529411764706
907	0.529411764706
908	0.470588235294
909	0.529411764706
910	0.411764705882
911	0.529411764706
912	0.352941176471
913	0.352941176471
914	0.352941176471
915	0.470588235294
916	0.470588235294
917	0.470588235294
918	0.411764705882
919	0.529411764706
920	0.352941176471
921	0.117647058824
922	0.0588235294118
923	0.117647058824
924	0.117647058824
925	0.176470588235
926	0.176470588235
927	0.0588235294118
928	0.117647058824
929	0.117647058824
930	0.117647058824
931	0.176470588235
932	0.176470588235
933	0.176470588235
934	0.176470588235
935	0.117647058824
936	0.117647058824
937	0.0588235294118
938	0.117647058824
939	0.117647058824
940	0.0588235294118
941	0.117647058824
942	0.117647058824
943	0.117647058824
944	0.117647058824
945	0.117647058824
946	0.117647058824
947	0.117647058824
948	0.117647058824
949	0.117647058824
950	0.117647058824
951	0.117647058824
952	0.117647058824
953	0.117647058824
954	0.117647058824
955	0.117647058824
956	0.117647058824
957	0.117647058824
958	0.117647058824
959	0.117647058824
960	0.117647058824
961	0.117647058824
962	0.117647058824
963	0.117647058824
964	0.117647058824
965	0.117647058824
966	0.0588235294118
967	0.117647058824
968	0.117647058824
969	0.117647058824
970	0.117647058824
971	0.0588235294118
972	0.117647058824
973	0.0588235294118
974	0.117647058824
975	0.117647058824
976	0.117647058824
977	0.117647058824
978	0.117647058824
979	0.176470588235
980	0.176470588235
981	0.176470588235
982	0.176470588235
983	0.176470588235
984	0.176470588235
985	0.117647058824
986	0.117647058824
987	0.176470588235
988	0.176470588235
989	0.0588235294118
990	0.0588235294118
991	0.0588235294118
992	0.0588235294118
993	0.0588235294118
994	0.0588235294118
995	0.0588235294118
996	0.0588235294118
997	0.0588235294118
998	0.0588235294118
999	0.0588235294118
1000	0.0588235294118
1001	0.0588235294118
1002	0.0588235294118
1003	0.0588235294118
1004	0.117647058824
1005	0.117647058824
1006	0.117647058824
1007	0.117647058824
1008	0.0588235294118
1009	0.117647058824
1010	0.0588235294118
1011	0.0588235294118
1012	0.117647058824
1013	0.0588235294118
1014	0.117647058824
1015	0.117647058824
1016	0.117647058824
1017	0.117647058824
1018	0.0588235294118
1019	0.0588235294118
1020	0.0588235294118
1021	0.0588235294118
1022	0.0588235294118
1023	0.0588235294118
1024	0.0588235294118
1025	0.0588235294118
1026	0.0588235294118
1027	0.0588235294118
1028	0.0588235294118
1029	0.0588235294118
1030	0.0588235294118
1031	0.0588235294118
1032	0.0588235294118
1033	0.0588235294118
1034	0.0588235294118
1035	0.0588235294118
1036	0.0588235294118
1037	0.0588235294118
1038	0.0588235294118
1039	0.0588235294118
1040	0.0588235294118
1041	0.0588235294118
1042	0.0588235294118
1043	0.0588235294118
1044	0.0588235294118
1045	0.0588235294118
1046	0.235294117647
1047	0.176470588235
1048	0.235294117647
1049	0.235294117647
1050	0.411764705882
1051	0.294117647059
1052	0.411764705882
1053	0.411764705882
1054	0.294117647059
1055	0.294117647059
1056	0.352941176471
1057	0.352941176471
1058	0.235294117647
1059	0.411764705882
1060	0.470588235294
1061	0.470588235294
1062	0.176470588235
1063	0.117647058824
1064	0.176470588235
1065	0.117647058824
1066	0.0588235294118
1067	0.0588235294118
1068	0.0588235294118
1069	0.0588235294118
1070	0.0588235294118
1071	0.117647058824
1072	0.0588235294118
1073	0.117647058824
1074	0.0588235294118
1075	0.0588235294118
1076	0.0588235294118
1077	0.0588235294118
1078	0.0588235294118
1079	0.117647058824
1080	0.117647058824
1081	0.0588235294118
1082	0.117647058824
1083	0.117647058824
1084	0.0588235294118
1085	0.0588235294118
1086	0.0588235294118
1087	0.0588235294118
1088	0.0588235294118
1089	0.117647058824
1090	0.0588235294118
1091	0.117647058824
1092	0.0588235294118
1093	0.117647058824
1094	0.117647058824
1095	0.0588235294118
1096	0.0588235294118
1097	0.0588235294118
1098	0.0588235294118
1099	0.0588235294118
1100	0.0588235294118
1101	0.0588235294118
1102	0.0588235294118
1103	0.0588235294118
1104	0.0588235294118
1105	0.0588235294118
1106	0.0588235294118
1107	0.0588235294118
1108	0.0588235294118
1109	0.0588235294118
1110	0.0588235294118
1111	0.0588235294118
1112	0.0588235294118
1113	0.0588235294118
1114	0.0588235294118
1115	0.0588235294118
1116	0.0588235294118
1117	0.0588235294118
1118	0.0588235294118
1119	0.0588235294118
1120	0.0588235294118
1121	0.0588235294118
1122	0.0588235294118
1123	0.0588235294118
1124	0.0588235294118
1125	0.0588235294118
1126	0.0588235294118
1127	0.0588235294118
1128	0.0588235294118
1129	0.0588235294118
1130	0.0588235294118
1131	0.0588235294118
1132	0.0588235294118
1133	0.0588235294118
1134	0.0588235294118
1135	0.0588235294118
1136	0.0588235294118
1137	0.0588235294118
1138	0.0588235294118
1139	0.0588235294118
1140	0.0588235294118
1141	0.0588235294118
1142	0.0588235294118
1143	0.0588235294118
1144	0.0588235294118
1145	0.117647058824
1146	0.0588235294118
1147	0.117647058824
1148	0.411764705882
1149	0.411764705882
1150	0.470588235294
1151	0.588235294118
1152	0.470588235294
1153	0.411764705882
1154	0.294117647059
1155	0.529411764706
1156	0.529411764706
1157	0.647058823529
1158	0.529411764706
1159	0.705882352941
1160	0.470588235294
1161	0.529411764706
1162	0.705882352941
1163	0.647058823529
1164	0.705882352941
1165	0.529411764706
1166	0.470588235294
1167	0.529411764706
1168	0.647058823529
1169	0.352941176471
1170	0.411764705882
1171	0.529411764706
1172	0.588235294118
1173	0.352941176471
1174	0.352941176471
1175	0.588235294118
1176	0.647058823529
1177	0.764705882353
1178	0.470588235294
1179	0.470588235294
1180	0.470588235294
1181	0.588235294118
1182	0.529411764706
1183	0.470588235294
1184	0.529411764706
1185	0.529411764706
1186	0.529411764706
1187	0.352941176471
1188	0.352941176471
1189	0.588235294118
1190	0.235294117647
1191	0.470588235294
1192	0.470588235294
1193	0.352941176471
1194	0.0588235294118
1195	0.0588235294118
1196	0.0588235294118
1197	0.0588235294118
1198	0.0588235294118
1199	0.0588235294118
1200	0.0588235294118
1201	0.0588235294118
1202	0.0588235294118
1203	0.0588235294118
1204	0.0588235294118
1205	0.0588235294118
1206	0.0588235294118
1207	0.0588235294118
1208	0.0588235294118
1209	0.0588235294118
1210	0.0588235294118
1211	0.0588235294118
1212	0.0588235294118
1213	0.0588235294118
1214	0.0588235294118
1215	0.0588235294118
1216	0.0588235294118
1217	0.0588235294118
1218	0.0588235294118
1219	0.0588235294118
1220	0.0588235294118
1221	0.0588235294118
1222	0.0588235294118
1223	0.0588235294118
1224	0.0588235294118
1225	0.0588235294118
1226	0.0588235294118
1227	0.0588235294118
1228	0.0588235294118
1229	0.0588235294118
1230	0.0588235294118
1231	0.0588235294118
1232	0.0588235294118
1233	0.0588235294118
1234	0.0588235294118
1235	0.0588235294118
1236	0.0588235294118
1237	0.0588235294118
1238	0.0588235294118
1239	0.0588235294118
1240	0.0588235294118
1241	0.0588235294118
1242	0.0588235294118
1243	0.0588235294118
1244	0.0588235294118
1245	0.0588235294118
1246	0.0588235294118
1247	0.0588235294118
1248	0.0588235294118
1249	0.0588235294118
1250	0.0588235294118
1251	0.0588235294118
1252	0.0588235294118
1253	0.0588235294118
1254	0.0588235294118
1255	0.0588235294118
1256	0.0588235294118
1257	0.0588235294118
1258	0.0588235294118
1259	0.0588235294118
1260	0.0588235294118
1261	0.0588235294118
1262	0.0588235294118
1263	0.0588235294118
1264	0.0588235294118
1265	0.0588235294118
1266	0.0588235294118
1267	0.0588235294118
1268	0.0588235294118
1269	0.0588235294118
1270	0.0588235294118
1271	0.0588235294118
1272	0.0588235294118
1273	0.0588235294118
1274	0.0588235294118
1275	0.0588235294118
1276	0.0588235294118
1277	0.0588235294118
1278	0.0588235294118
1279	0.0588235294118
1280	0.0588235294118
1281	0.0588235294118
1282	0.0588235294118
1283	0.0588235294118
1284	0.0588235294118
1285	0.0588235294118
1286	0.0588235294118
1287	0.0588235294118
1288	0.0588235294118
1289	0.0588235294118
1290	0.0588235294118
1291	0.0588235294118
1292	0.0588235294118
1293	0.0588235294118
1294	0.0588235294118
1295	0.0588235294118
1296	0.0588235294118
1297	0.0588235294118
1298	0.0588235294118
1299	0.0588235294118
1300	0.0588235294118
1301	0.0588235294118
1302	0.0588235294118
1303	0.0588235294118
1304	0.0588235294118
1305	0.0588235294118
1306	0.0588235294118
1307	0.0588235294118
1308	0.0588235294118
1309	0.0588235294118
1310	0.0588235294118
1311	0.0588235294118
1312	0.117647058824
1313	0.117647058824
1314	0.0588235294118
1315	0.117647058824
1316	0.117647058824
1317	0.117647058824
1318	0.0588235294118
1319	0.0588235294118
1320	0.117647058824
1321	0.0588235294118
1322	0.352941176471
1323	0.529411764706
1324	0.529411764706
1325	0.588235294118
1326	0.411764705882
1327	0.588235294118
1328	0.764705882353
1329	0.588235294118
1330	0.588235294118
1331	0.470588235294
1332	0.117647058824
1333	0.0588235294118
1334	0.529411764706
1335	0.529411764706
1336	0.588235294118
1337	0.588235294118
1338	0.588235294118
1339	0.764705882353
1340	0.411764705882
1341	0.529411764706
1342	0.411764705882
1343	0.705882352941
1344	0.588235294118
1345	0.411764705882
1346	0.470588235294
1347	0.411764705882
1348	0.470588235294
1349	0.411764705882
1350	0.529411764706
1351	0.588235294118
1352	0.529411764706
1353	0.470588235294
1354	0.470588235294
1355	0.411764705882
1356	0.411764705882
1357	0.529411764706
1358	0.411764705882
1359	0.470588235294
1360	0.470588235294
1361	0.411764705882
1362	0.470588235294
1363	0.470588235294
1364	0.411764705882
1365	0.411764705882
1366	0.470588235294
1367	0.411764705882
1368	0.411764705882
1369	0.411764705882
1370	0.352941176471
1371	0.470588235294
1372	0.352941176471
1373	0.411764705882
1374	0.235294117647
1375	0.352941176471
1376	0.352941176471
1377	0.352941176471
1378	0.470588235294
1379	0.352941176471
1380	0.470588235294
1381	0.470588235294
1382	0.411764705882
1383	0.352941176471
1384	0.352941176471
1385	0.411764705882
1386	0.411764705882
1387	0.352941176471
1388	0.411764705882
1389	0.411764705882
1390	0.529411764706
1391	0.764705882353
1392	0.647058823529
1393	0.588235294118
1394	0.588235294118
1395	0.647058823529
1396	0.647058823529
1397	0.529411764706
1398	0.411764705882
1399	0.352941176471
1400	0.588235294118
1401	0.411764705882
1402	0.117647058824
1403	0.235294117647
1404	0.117647058824
1405	0.176470588235
1406	0.235294117647
1407	0.176470588235
1408	0.117647058824
1409	0.117647058824
1410	0.176470588235
1411	0.235294117647
1412	0.117647058824
1413	0.0588235294118
1414	0.0588235294118
1415	0.0588235294118
1416	0.0588235294118
1417	0.0588235294118
1418	0.0588235294118
1419	0.0588235294118
1420	0.0588235294118
1421	0.0588235294118
1422	0.0588235294118
1423	0.0588235294118
1424	0.0588235294118
1425	0.0588235294118
1426	0.0588235294118
1427	0.0588235294118
1428	0.0588235294118
1429	0.0588235294118
1430	0.0588235294118
1431	0.0588235294118
1432	0.0588235294118
1433	0.0588235294118
1434	0.117647058824
1435	0.117647058824
1436	0.117647058824
1437	0.176470588235
1438	0.235294117647
1439	0.176470588235
1440	0.235294117647
1441	0.117647058824
1442	0.117647058824
1443	0.0588235294118
1444	0.0588235294118
1445	0.0588235294118
1446	0.0588235294118
1447	0.0588235294118
1448	0.0588235294118
1449	0.0588235294118
1450	0.0588235294118
1451	0.117647058824
1452	0.176470588235
1453	0.0588235294118
1454	0.0588235294118
1455	0.176470588235
1456	0.117647058824
1457	0.117647058824
1458	0.0588235294118
1459	0.176470588235
1460	0.0588235294118
1461	0.117647058824
1462	0.0588235294118
1463	0.176470588235
1464	0.117647058824
1465	0.0588235294118
1466	0.117647058824
1467	0.117647058824
1468	0.117647058824
1469	0.117647058824
1470	0.294117647059
1471	0.176470588235
1472	0.235294117647
1473	0.176470588235
1474	0.117647058824
1475	0.176470588235
1476	0.235294117647
1477	0.117647058824
1478	0.294117647059
1479	0.235294117647
1480	0.235294117647
1481	0.117647058824
1482	0.0588235294118
1483	0.0588235294118
1484	0.0588235294118
1485	0.0588235294118
1486	0.0588235294118
1487	0.0588235294118
1488	0.0588235294118
1489	0.0588235294118
1490	0.0588235294118
1491	0.0588235294118
1492	0.0588235294118
1493	0.0588235294118
1494	0.0588235294118
1495	0.0588235294118
1496	0.0588235294118
1497	0.0588235294118
1498	0.0588235294118
1499	0.0588235294118
1500	0.0588235294118
1501	0.0588235294118
1502	0.0588235294118
1503	0.0588235294118
1504	0.0588235294118
1505	0.0588235294118
1506	0.0588235294118
1507	0.0588235294118
1508	0.0588235294118
1509	0.0588235294118
1510	0.0588235294118
1511	0.0588235294118
1512	0.0588235294118
1513	0.0588235294118
1514	0.0588235294118
1515	0.0588235294118
1516	0.0588235294118
1517	0.0588235294118
1518	0.0588235294118
1519	0.294117647059
1520	0.764705882353
1521	0.470588235294
1522	0.588235294118
1523	0.647058823529
1524	0.470588235294
1525	0.764705882353
1526	0.529411764706
1527	0.529411764706
1528	0.470588235294
1529	0.529411764706
1530	0.529411764706
1531	0.647058823529
1532	0.529411764706
1533	0.529411764706
1534	0.588235294118
1535	0.647058823529
1536	0.411764705882
1537	0.411764705882
1538	0.470588235294
1539	0.470588235294
1540	0.411764705882
1541	0.411764705882
1542	0.411764705882
1543	0.352941176471
1544	0.0588235294118
1545	0.0588235294118
1546	0.0588235294118
1547	0.0588235294118
1548	0.0588235294118
1549	0.176470588235
1550	0.0588235294118
1551	0.117647058824
1552	0.117647058824
1553	0.117647058824
1554	0.235294117647
1555	0.235294117647
1556	0.117647058824
1557	0.176470588235
1558	0.176470588235
1559	0.176470588235
1560	0.117647058824
1561	0.176470588235
1562	0.176470588235
1563	0.176470588235
1564	0.588235294118
1565	0.588235294118
1566	0.529411764706
1567	0.529411764706
1568	0.0588235294118
1569	0.0588235294118
1570	0.411764705882
1571	0.470588235294
1572	0.529411764706
1573	0.529411764706
1574	0.529411764706
1575	0.529411764706
1576	0.588235294118
1577	0.588235294118
1578	0.588235294118
1579	0.0588235294118
1580	0.0588235294118
1581	0.0588235294118
1582	0.0588235294118
1583	0.0588235294118
1584	0.0588235294118
1585	0.0588235294118
1586	0.0588235294118
1587	0.0588235294118
1588	0.0588235294118
1589	0.0588235294118
1590	0.0588235294118
1591	0.0588235294118
1592	0.0588235294118
1593	0.0588235294118
1594	0.0588235294118
1595	0.0588235294118
1596	0.0588235294118
1597	0.0588235294118
1598	0.0588235294118
1599	0.0588235294118
1600	0.0588235294118
1601	0.0588235294118
1602	0.0588235294118
1603	0.0588235294118
1604	0.0588235294118
1605	0.0588235294118
1606	0.0588235294118
1607	0.0588235294118
1608	0.0588235294118
1609	0.0588235294118
1610	0.0588235294118
1611	0.0588235294118
1612	0.0588235294118
1613	0.0588235294118
1614	0.0588235294118
1615	0.0588235294118
1616	0.0588235294118
1617	0.0588235294118
1618	0.0588235294118
1619	0.0588235294118
1620	0.0588235294118
1621	0.0588235294118
1622	0.0588235294118
1623	0.0588235294118
1624	0.0588235294118
1625	0.0588235294118
1626	0.0588235294118
1627	0.0588235294118
1628	0.0588235294118
1629	0.0588235294118
1630	0.0588235294118
1631	0.0588235294118
1632	0.0588235294118
1633	0.0588235294118
1634	0.0588235294118
1635	0.0588235294118
1636	0.0588235294118
1637	0.0588235294118
1638	0.0588235294118
1639	0.0588235294118
1640	0.0588235294118
1641	0.0588235294118
1642	0.0588235294118
1643	0.0588235294118
1644	0.0588235294118
1645	0.0588235294118
1646	0.0588235294118
1647	0.0588235294118
1648	0.0588235294118
1649	0.0588235294118
1650	0.0588235294118
1651	0.0588235294118
1652	0.0588235294118
1653	0.0588235294118
1654	0.0588235294118
1655	0.0588235294118
1656	0.0588235294118
1657	0.0588235294118
1658	0.0588235294118
1659	0.0588235294118
1660	0.0588235294118
1661	0.0588235294118
1662	0.0588235294118
1663	0.0588235294118
1664	0.0588235294118
1665	0.0588235294118
1666	0.0588235294118
1667	0.0588235294118
1668	0.0588235294118
1669	0.0588235294118
1670	0.0588235294118
1671	0.0588235294118
1672	0.0588235294118
1673	0.0588235294118
1674	0.0588235294118
1675	0.0588235294118
1676	0.0588235294118
1677	0.0588235294118
1678	0.0588235294118
1679	0.0588235294118
1680	0.0588235294118
1681	0.0588235294118
1682	0.0588235294118
1683	0.0588235294118
1684	0.0588235294118
1685	0.0588235294118
1686	0.0588235294118
1687	0.0588235294118
1688	0.0588235294118
1689	0.0588235294118
1690	0.0588235294118
1691	0.0588235294118
1692	0.0588235294118
1693	0.0588235294118
1694	0.0588235294118
1695	0.0588235294118
1696	0.0588235294118
1697	0.0588235294118
1698	0.0588235294118
1699	0.0588235294118
1700	0.0588235294118
1701	0.0588235294118
1702	0.0588235294118
1703	0.176470588235
1704	0.176470588235
1705	0.117647058824
1706	0.176470588235
1707	0.117647058824
1708	0.235294117647
1709	0.117647058824
1710	0.117647058824
1711	0.235294117647
1712	0.235294117647
1713	0.0588235294118
1714	0.117647058824
1715	0.117647058824
1716	0.235294117647
1717	0.176470588235
1718	0.176470588235
1719	0.176470588235
1720	0.117647058824
1721	0.176470588235
1722	0.235294117647
1723	0.117647058824
1724	0.235294117647
1725	0.117647058824
1726	0.117647058824
1727	0.0588235294118
1728	0.0588235294118
1729	0.470588235294
1730	0.352941176471
1731	0.352941176471
1732	0.588235294118
1733	0.529411764706
1734	0.588235294118
1735	0.352941176471
1736	0.588235294118
1737	0.529411764706
1738	0.411764705882
1739	0.470588235294
1740	0.705882352941
1741	0.529411764706
1742	0.411764705882
1743	0.588235294118
1744	0.352941176471
1745	0.294117647059
1746	0.176470588235
1747	0.352941176471
1748	0.470588235294
1749	0.411764705882
1750	0.235294117647
1751	0.294117647059
1752	0.117647058824
1753	0.117647058824
1754	0.117647058824
1755	0.176470588235
1756	0.176470588235
1757	0.235294117647
1758	0.176470588235
1759	0.117647058824
1760	0.0588235294118
1761	0.0588235294118
1762	0.235294117647
1763	0.235294117647
1764	0.294117647059
1765	0.352941176471
1766	0.294117647059
1767	0.235294117647
1768	0.235294117647
1769	0.529411764706
1770	0.470588235294
1771	0.411764705882
1772	0.529411764706
1773	0.529411764706
1774	0.294117647059
1775	0.411764705882
1776	0.411764705882
1777	0.411764705882
1778	0.411764705882
1779	0.352941176471
1780	0.411764705882
1781	0.352941176471
1782	0.411764705882
1783	0.411764705882
1784	0.0588235294118
1785	0.0588235294118
1786	0.0588235294118
1787	0.117647058824
1788	0.117647058824
1789	0.0588235294118
1790	0.117647058824
1791	0.0588235294118
1792	0.0588235294118
1793	0.0588235294118
1794	0.0588235294118
1795	0.0588235294118
1796	0.0588235294118
1797	0.0588235294118
1798	0.0588235294118
1799	0.0588235294118
1800	0.0588235294118
1801	0.0588235294118
1802	0.0588235294118
1803	0.0588235294118
1804	0.0588235294118
1805	0.0588235294118
1806	0.0588235294118
1807	0.0588235294118
1808	0.0588235294118
1809	0.0588235294118
1810	0.0588235294118
1811	0.0588235294118
1812	0.0588235294118
1813	0.0588235294118
1814	0.0588235294118
1815	0.117647058824
1816	0.117647058824
1817	0.117647058824
1818	0.117647058824
1819	0.0588235294118
1820	0.117647058824
1821	0.117647058824
1822	0.0588235294118
1823	0.0588235294118
1824	0.0588235294118
1825	0.0588235294118
1826	0.0588235294118
1827	0.0588235294118
1828	0.0588235294118
1829	0.0588235294118
1830	0.117647058824
1831	0.117647058824
1832	0.0588235294118
1833	0.0588235294118
1834	0.0588235294118
1835	0.0588235294118
1836	0.0588235294118
1837	0.117647058824
1838	0.0588235294118
1839	0.117647058824
1840	0.117647058824
1841	0.0588235294118
1842	0.0588235294118
1843	0.0588235294118
1844	0.117647058824
1845	0.117647058824
1846	0.0588235294118
1847	0.0588235294118
1848	0.117647058824
1849	0.0588235294118
1850	0.117647058824
1851	0.117647058824
1852	0.117647058824
1853	0.0588235294118
1854	0.117647058824
1855	0.0588235294118
1856	0.0588235294118
1857	0.0588235294118
1858	0.0588235294118
1859	0.0588235294118
1860	0.0588235294118
1861	0.0588235294118
1862	0.0588235294118
1863	0.0588235294118
1864	0.0588235294118
1865	0.0588235294118
1866	0.0588235294118
1867	0.0588235294118
1868	0.0588235294118
1869	0.0588235294118
1870	0.0588235294118
1871	0.0588235294118
1872	0.0588235294118
1873	0.0588235294118
1874	0.0588235294118
1875	0.0588235294118
1876	0.0588235294118
1877	0.0588235294118
1878	0.0588235294118
1879	0.0588235294118
1880	0.0588235294118
1881	0.0588235294118
1882	0.0588235294118
1883	0.0588235294118
1884	0.0588235294118
1885	0.0588235294118
1886	0.0588235294118
1887	0.0588235294118
1888	0.0588235294118
1889	0.0588235294118
1890	0.0588235294118
1891	0.0588235294118
1892	0.0588235294118
1893	0.0588235294118
1894	0.0588235294118
1895	0.0588235294118
1896	0.0588235294118
1897	0.0588235294118
1898	0.0588235294118
1899	0.0588235294118
1900	0.0588235294118
1901	0.0588235294118
1902	0.0588235294118
1903	0.0588235294118
1904	0.0588235294118
1905	0.0588235294118
1906	0.0588235294118
1907	0.0588235294118
1908	0.0588235294118
1909	0.0588235294118
1910	0.0588235294118
1911	0.117647058824
1912	0.117647058824
1913	0.117647058824
1914	0.0588235294118
1915	0.0588235294118
1916	0.0588235294118
1917	0.411764705882
1918	0.294117647059
1919	0.352941176471
1920	0.411764705882
1921	0.352941176471
1922	0.470588235294
1923	0.470588235294
1924	0.352941176471
1925	0.470588235294
1926	0.411764705882
1927	0.411764705882
1928	0.352941176471
1929	0.294117647059
1930	0.235294117647
1931	0.352941176471
1932	0.0588235294118
1933	0.470588235294
1934	0.588235294118
1935	0.352941176471
1936	0.411764705882
1937	0.411764705882
1938	0.470588235294
1939	0.294117647059
1940	0.0588235294118
1941	0.0588235294118
1942	0.0588235294118
1943	0.0588235294118
1944	0.0588235294118
1945	0.0588235294118
1946	0.0588235294118
1947	0.0588235294118
1948	0.0588235294118
1949	0.0588235294118
1950	0.0588235294118
1951	0.0588235294118
1952	0.0588235294118
1953	0.117647058824
1954	0.0588235294118
1955	0.0588235294118
1956	0.235294117647
1957	0.529411764706
1958	0.470588235294
1959	0.411764705882
1960	0.470588235294
1961	0.294117647059
1962	0.529411764706
1963	0.529411764706
1964	0.352941176471
1965	0.294117647059
1966	0.294117647059
1967	0.470588235294
1968	0.411764705882
1969	0.294117647059
1970	0.294117647059
1971	0.470588235294
1972	0.294117647059
1973	0.352941176471
1974	0.352941176471
1975	0.470588235294
1976	0.352941176471
1977	0.352941176471
1978	0.0588235294118
1979	0.0588235294118
1980	0.0588235294118
1981	0.0588235294118
1982	0.0588235294118
1983	0.0588235294118
1984	0.0588235294118
1985	0.0588235294118
1986	0.0588235294118
1987	0.0588235294118
1988	0.0588235294118
1989	0.0588235294118
1990	0.0588235294118
1991	0.0588235294118
1992	0.0588235294118
1993	0.294117647059
1994	0.235294117647
1995	0.235294117647
1996	0.176470588235
1997	0.235294117647
1998	0.294117647059
1999	0.294117647059
2000	0.235294117647
2001	0.294117647059
2002	0.176470588235
2003	0.294117647059
2004	0.176470588235
2005	0.294117647059
2006	0.235294117647
2007	0.294117647059
2008	0.352941176471
2009	0.352941176471
2010	0.0588235294118
2011	0.0588235294118
2012	0.0588235294118
2013	0.0588235294118
2014	0.0588235294118
2015	0.0588235294118
2016	0.0588235294118
2017	0.0588235294118
2018	0.0588235294118
2019	0.0588235294118
2020	0.0588235294118
2021	0.0588235294118
2022	0.0588235294118
2023	0.0588235294118
2024	0.0588235294118
2025	0.0588235294118
2026	0.0588235294118
2027	0.0588235294118
2028	0.0588235294118
2029	0.0588235294118
2030	0.0588235294118
2031	0.0588235294118
2032	0.0588235294118
2033	0.0588235294118
2034	0.0588235294118
2035	0.0588235294118
2036	0.0588235294118
2037	0.0588235294118
2038	0.0588235294118
2039	0.0588235294118
2040	0.0588235294118
2041	0.0588235294118
2042	0.0588235294118
2043	0.0588235294118
2044	0.0588235294118
2045	0.0588235294118
2046	0.0588235294118
2047	0.0588235294118
2048	0.352941176471
2049	0.235294117647
2050	0.352941176471
2051	0.235294117647
2052	0.470588235294
2053	0.411764705882
2054	0.411764705882
2055	0.294117647059
2056	0.235294117647
2057	0.235294117647
2058	0.176470588235
2059	0.0588235294118
2060	0.117647058824
2061	0.0588235294118
2062	0.0588235294118
2063	0.0588235294118
2064	0.0588235294118
2065	0.0588235294118
2066	0.0588235294118
2067	0.0588235294118
2068	0.0588235294118
2069	0.0588235294118
2070	0.0588235294118
2071	0.0588235294118
2072	0.0588235294118
2073	0.0588235294118
2074	0.0588235294118
2075	0.0588235294118
2076	0.0588235294118
2077	0.0588235294118
2078	0.0588235294118
2079	0.0588235294118
2080	0.0588235294118
2081	0.0588235294118
2082	0.0588235294118
2083	0.0588235294118
2084	0.0588235294118
2085	0.0588235294118
2086	0.0588235294118
2087	0.0588235294118
2088	0.117647058824
2089	0.176470588235
2090	0.294117647059
2091	0.294117647059
2092	0.294117647059
2093	0.176470588235
2094	0.176470588235
2095	0.0588235294118
2096	0.117647058824
2097	0.117647058824
2098	0.176470588235
2099	0.0588235294118
2100	0.0588235294118
2101	0.0588235294118
2102	0.0588235294118
2103	0.0588235294118
2104	0.0588235294118
2105	0.0588235294118
2106	0.0588235294118
2107	0.0588235294118
2108	0.0588235294118
2109	0.0588235294118
2110	0.0588235294118
2111	0.0588235294118
2112	0.0588235294118
2113	0.0588235294118
2114	0.0588235294118
2115	0.0588235294118
2116	0.0588235294118
2117	0.0588235294118
2118	0.0588235294118
2119	0.0588235294118
2120	0.117647058824
2121	0.117647058824
2122	0.0588235294118
2123	0.0588235294118
2124	0.0588235294118
2125	0.0588235294118
2126	0.117647058824
2127	0.117647058824
2128	0.117647058824
2129	0.117647058824
2130	0.529411764706
2131	0.294117647059
2132	0.352941176471
2133	0.470588235294
2134	0.529411764706
2135	0.647058823529
2136	0.411764705882
2137	0.588235294118
2138	0.352941176471
2139	0.411764705882
2140	0.588235294118
2141	0.529411764706
2142	0.470588235294
2143	0.647058823529
2144	0.470588235294
2145	0.411764705882
2146	0.117647058824
2147	0.117647058824
2148	0.117647058824
2149	0.0588235294118
2150	0.0588235294118
2151	0.0588235294118
2152	0.0588235294118
2153	0.0588235294118
2154	0.0588235294118
2155	0.0588235294118
2156	0.0588235294118
2157	0.0588235294118
2158	0.0588235294118
2159	0.0588235294118
2160	0.0588235294118
2161	0.0588235294118
2162	0.0588235294118
2163	0.0588235294118
2164	0.0588235294118
2165	0.0588235294118
2166	0.0588235294118
2167	0.0588235294118
2168	0.0588235294118
2169	0.0588235294118
2170	0.0588235294118
2171	0.0588235294118
2172	0.0588235294118
2173	0.0588235294118
2174	0.0588235294118
2175	0.0588235294118
2176	0.0588235294118
2177	0.0588235294118
2178	0.0588235294118
2179	0.0588235294118
2180	0.0588235294118
2181	0.0588235294118
2182	0.0588235294118
2183	0.0588235294118
2184	0.0588235294118
2185	0.0588235294118
2186	0.0588235294118
2187	0.0588235294118
2188	0.0588235294118
2189	0.0588235294118
2190	0.0588235294118
2191	0.0588235294118
2192	0.0588235294118
2193	0.0588235294118
2194	0.0588235294118
2195	0.0588235294118
2196	0.0588235294118
2197	0.0588235294118
2198	0.0588235294118
2199	0.0588235294118
2200	0.0588235294118
2201	0.0588235294118
2202	0.0588235294118
2203	0.0588235294118
2204	0.0588235294118
2205	0.0588235294118
2206	0.0588235294118
2207	0.0588235294118
2208	0.0588235294118
2209	0.0588235294118
2210	0.0588235294118
2211	0.0588235294118
2212	0.0588235294118
2213	0.0588235294118
2214	0.0588235294118
2215	0.0588235294118
2216	0.0588235294118
2217	0.0588235294118
2218	0.0588235294118
2219	0.0588235294118
2220	0.0588235294118
2221	0.0588235294118
2222	0.0588235294118
2223	0.0588235294118
2224	0.0588235294118
2225	0.0588235294118
2226	0.0588235294118
2227	0.0588235294118
2228	0.0588235294118
2229	0.0588235294118
2230	0.0588235294118
2231	0.0588235294118
2232	0.0588235294118
2233	0.0588235294118
2234	0.0588235294118
2235	0.0588235294118
2236	0.0588235294118
2237	0.0588235294118
2238	0.0588235294118
2239	0.0588235294118
2240	0.0588235294118
2241	0.0588235294118
2242	0.0588235294118
2243	0.0588235294118
2244	0.117647058824
2245	0.176470588235
2246	0.352941176471
2247	0.352941176471
2248	0.294117647059
2249	0.117647058824
2250	0.176470588235
2251	0.235294117647
2252	0.235294117647
2253	0.235294117647
2254	0.0588235294118
2255	0.0588235294118
2256	0.0588235294118
2257	0.0588235294118
2258	0.0588235294118
2259	0.0588235294118
2260	0.0588235294118
2261	0.0588235294118
2262	0.0588235294118
2263	0.0588235294118
2264	0.0588235294118
2265	0.0588235294118
2266	0.0588235294118
2267	0.0588235294118
2268	0.0588235294118
2269	0.0588235294118
2270	0.0588235294118
2271	0.0588235294118
2272	0.0588235294118
2273	0.0588235294118
2274	0.0588235294118
2275	0.0588235294118
2276	0.0588235294118
2277	0.0588235294118
2278	0.0588235294118
2279	0.0588235294118
2280	0.0588235294118
2281	0.0588235294118
2282	0.117647058824
2283	0.117647058824
2284	0.117647058824
2285	0.117647058824
2286	0.0588235294118
2287	0.0588235294118
2288	0.0588235294118
2289	0.0588235294118
2290	0.0588235294118
2291	0.588235294118
2292	0.352941176471
2293	0.294117647059
2294	0.235294117647
2295	0.294117647059
2296	0.294117647059
2297	0.470588235294
2298	0.647058823529
2299	0.411764705882
2300	0.529411764706
2301	0.588235294118
2302	0.352941176471
2303	0.529411764706
2304	0.352941176471
2305	0.411764705882
2306	0.411764705882
2307	0.411764705882
2308	0.411764705882
2309	0.470588235294
2310	0.411764705882
2311	0.588235294118
2312	0.470588235294
2313	0.411764705882
2314	0.235294117647
2315	0.529411764706
2316	0.647058823529
2317	0.294117647059
2318	0.529411764706
2319	0.470588235294
2320	0.411764705882
2321	0.470588235294
2322	0.588235294118
2323	0.470588235294
2324	0.411764705882
2325	0.529411764706
2326	0.411764705882
2327	0.411764705882
2328	0.352941176471
2329	0.588235294118
2330	0.352941176471
2331	0.470588235294
2332	0.529411764706
2333	0.176470588235
2334	0.0588235294118
2335	0.0588235294118
2336	0.0588235294118
2337	0.411764705882
2338	0.529411764706
2339	0.588235294118
2340	0.235294117647
2341	0.588235294118
2342	0.470588235294
2343	0.529411764706
2344	0.529411764706
2345	0.411764705882
2346	0.647058823529
2347	0.352941176471
2348	0.588235294118
2349	0.470588235294
2350	0.411764705882
2351	0.588235294118
2352	0.588235294118
2353	0.588235294118
2354	0.411764705882
2355	0.529411764706
2356	0.470588235294
2357	0.294117647059
2358	0.647058823529
2359	0.411764705882
2360	0.117647058824
2361	0.0588235294118
2362	0.176470588235
2363	0.235294117647
2364	0.117647058824
2365	0.117647058824
2366	0.117647058824
2367	0.117647058824
2368	0.235294117647
2369	0.294117647059
2370	0.176470588235
2371	0.235294117647
2372	0.176470588235
2373	0.235294117647
2374	0.235294117647
2375	0.0588235294118
2376	0.0588235294118
2377	0.0588235294118
2378	0.0588235294118
2379	0.176470588235
2380	0.235294117647
2381	0.235294117647
2382	0.0588235294118
2383	0.117647058824
2384	0.176470588235
2385	0.117647058824
2386	0.176470588235
2387	0.117647058824
2388	0.176470588235
2389	0.117647058824
2390	0.117647058824
2391	0.117647058824
2392	0.117647058824
2393	0.117647058824
2394	0.117647058824
2395	0.176470588235
2396	0.117647058824
2397	0.117647058824
2398	0.117647058824
2399	0.117647058824
2400	0.117647058824
2401	0.117647058824
2402	0.0588235294118
2403	0.117647058824
2404	0.0588235294118
2405	0.176470588235
2406	0.117647058824
2407	0.176470588235
2408	0.0588235294118
2409	0.117647058824
2410	0.117647058824
2411	0.176470588235
2412	0.117647058824
2413	0.176470588235
2414	0.0588235294118
2415	0.117647058824
2416	0.117647058824
2417	0.176470588235
2418	0.0588235294118
2419	0.0588235294118
2420	0.117647058824
2421	0.117647058824
2422	0.176470588235
2423	0.117647058824
2424	0.117647058824
2425	0.117647058824
2426	0.117647058824
2427	0.176470588235
2428	0.117647058824
2429	0.176470588235
2430	0.117647058824
2431	0.117647058824
2432	0.117647058824
2433	0.117647058824
2434	0.117647058824
2435	0.0588235294118
2436	0.117647058824
2437	0.0588235294118
2438	0.176470588235
2439	0.176470588235
2440	0.176470588235
2441	0.117647058824
2442	0.117647058824
2443	0.117647058824
2444	0.176470588235
2445	0.0588235294118
2446	0.117647058824
2447	0.0588235294118
2448	0.0588235294118
2449	0.0588235294118
2450	0.0588235294118
2451	0.0588235294118
2452	0.0588235294118
2453	0.0588235294118
2454	0.0588235294118
2455	0.0588235294118
2456	0.352941176471
2457	0.529411764706
2458	0.352941176471
2459	0.352941176471
2460	0.470588235294
2461	0.235294117647
2462	0.352941176471
2463	0.352941176471
2464	0.411764705882
2465	0.294117647059
2466	0.352941176471
2467	0.411764705882
2468	0.294117647059
2469	0.411764705882
2470	0.352941176471
2471	0.294117647059
2472	0.294117647059
2473	0.294117647059
2474	0.352941176471
2475	0.470588235294
2476	0.411764705882
2477	0.294117647059
2478	0.352941176471
2479	0.176470588235
2480	0.117647058824
2481	0.0588235294118
2482	0.294117647059
2483	0.352941176471
2484	0.294117647059
2485	0.470588235294
2486	0.470588235294
2487	0.411764705882
2488	0.470588235294
2489	0.352941176471
2490	0.411764705882
2491	0.352941176471
2492	0.470588235294
2493	0.411764705882
2494	0.470588235294
2495	0.411764705882
2496	0.294117647059
2497	0.411764705882
2498	0.411764705882
2499	0.411764705882
2500	0.470588235294
2501	0.470588235294
2502	0.352941176471
2503	0.411764705882
2504	0.294117647059
2505	0.352941176471
2506	0.352941176471
2507	0.411764705882
2508	0.352941176471
2509	0.352941176471
2510	0.0588235294118
2511	0.0588235294118
2512	0.117647058824
2513	0.117647058824
2514	0.117647058824
2515	0.117647058824
2516	0.176470588235
2517	0.117647058824
2518	0.117647058824
2519	0.176470588235
2520	0.176470588235
2521	0.117647058824
2522	0.117647058824
2523	0.117647058824
2524	0.117647058824
2525	0.0588235294118
2526	0.117647058824
2527	0.0588235294118
2528	0.0588235294118
2529	0.0588235294118
2530	0.0588235294118
2531	0.0588235294118
2532	0.0588235294118
2533	0.117647058824
2534	0.0588235294118
2535	0.117647058824
2536	0.117647058824
2537	0.117647058824
2538	0.0588235294118
2539	0.117647058824
2540	0.0588235294118
2541	0.117647058824
2542	0.117647058824
2543	0.0588235294118
2544	0.117647058824
2545	0.176470588235
2546	0.117647058824
2547	0.117647058824
2548	0.176470588235
2549	0.117647058824
2550	0.117647058824
2551	0.176470588235
2552	0.176470588235
2553	0.117647058824
2554	0.176470588235
2555	0.176470588235
2556	0.176470588235
2557	0.176470588235
2558	0.117647058824
2559	0.117647058824
2560	0.117647058824
2561	0.117647058824
2562	0.117647058824
2563	0.0588235294118
2564	0.0588235294118
2565	0.0588235294118
2566	0.0588235294118
2567	0.0588235294118
2568	0.0588235294118
2569	0.0588235294118
2570	0.0588235294118
2571	0.0588235294118
2572	0.0588235294118
2573	0.0588235294118
2574	0.0588235294118
2575	0.0588235294118
2576	0.0588235294118
2577	0.0588235294118
2578	0.0588235294118
2579	0.0588235294118
2580	0.0588235294118
2581	0.0588235294118
2582	0.294117647059
2583	0.176470588235
2584	0.294117647059
2585	0.529411764706
2586	0.235294117647
2587	0.294117647059
2588	0.411764705882
2589	0.529411764706
2590	0.294117647059
2591	0.235294117647
2592	0.235294117647
2593	0.352941176471
2594	0.411764705882
2595	0.235294117647
2596	0.411764705882
2597	0.352941176471
2598	0.235294117647
2599	0.352941176471
2600	0.235294117647
2601	0.352941176471
2602	0.176470588235
2603	0.235294117647
2604	0.235294117647
2605	0.235294117647
2606	0.176470588235
2607	0.294117647059
2608	0.0588235294118
2609	0.117647058824
2610	0.117647058824
2611	0.117647058824
2612	0.117647058824
2613	0.0588235294118
2614	0.0588235294118
2615	0.0588235294118
2616	0.0588235294118
2617	0.117647058824
2618	0.0588235294118
2619	0.0588235294118
2620	0.0588235294118
2621	0.0588235294118
2622	0.117647058824
2623	0.0588235294118
2624	0.117647058824
2625	0.0588235294118
2626	0.0588235294118
2627	0.117647058824
2628	0.117647058824
2629	0.235294117647
2630	0.176470588235
2631	0.176470588235
2632	0.176470588235
2633	0.176470588235
2634	0.235294117647
2635	0.176470588235
2636	0.176470588235
2637	0.176470588235
2638	0.176470588235
2639	0.294117647059
2640	0.235294117647
2641	0.176470588235
2642	0.294117647059
2643	0.176470588235
2644	0.117647058824
2645	0.176470588235
2646	0.176470588235
2647	0.235294117647
2648	0.176470588235
2649	0.235294117647
2650	0.176470588235
2651	0.235294117647
2652	0.235294117647
2653	0.117647058824
2654	0.117647058824
2655	0.117647058824
2656	0.294117647059
2657	0.470588235294
2658	0.352941176471
2659	0.470588235294
2660	0.294117647059
2661	0.411764705882
2662	0.411764705882
2663	0.176470588235
2664	0.235294117647
2665	0.294117647059
2666	0.176470588235
2667	0.176470588235
2668	0.235294117647
2669	0.294117647059
2670	0.235294117647
2671	0.235294117647
2672	0.411764705882
2673	0.352941176471
2674	0.411764705882
2675	0.470588235294
2676	0.294117647059
2677	0.470588235294
2678	0.294117647059
2679	0.235294117647
2680	0.235294117647
2681	0.235294117647
2682	0.294117647059
2683	0.235294117647
2684	0.176470588235
2685	0.294117647059
2686	0.294117647059
2687	0.411764705882
2688	0.352941176471
2689	0.176470588235
2690	0.176470588235
2691	0.117647058824
2692	0.117647058824
2693	0.117647058824
2694	0.176470588235
2695	0.117647058824
2696	0.0588235294118
2697	0.0588235294118
2698	0.0588235294118
2699	0.0588235294118
2700	0.0588235294118
2701	0.0588235294118
2702	0.176470588235
2703	0.176470588235
2704	0.117647058824
2705	0.117647058824
2706	0.176470588235
2707	0.176470588235
2708	0.0588235294118
2709	0.0588235294118
2710	0.0588235294118
2711	0.0588235294118
2712	0.0588235294118
2713	0.0588235294118
2714	0.0588235294118
2715	0.0588235294118
2716	0.0588235294118
2717	0.0588235294118
2718	0.0588235294118
2719	0.0588235294118
2720	0.0588235294118
2721	0.0588235294118
2722	0.0588235294118
2723	0.0588235294118
2724	0.0588235294118
2725	0.0588235294118
2726	0.0588235294118
2727	0.0588235294118
2728	0.0588235294118
2729	0.0588235294118
2730	0.0588235294118
2731	0.0588235294118
2732	0.0588235294118
2733	0.0588235294118
2734	0.0588235294118
2735	0.0588235294118
2736	0.0588235294118
2737	0.0588235294118
2738	0.0588235294118
2739	0.0588235294118
2740	0.176470588235
2741	0.117647058824
2742	0.117647058824
2743	0.117647058824
2744	0.117647058824
2745	0.294117647059
2746	0.411764705882
2747	0.294117647059
2748	0.294117647059
2749	0.294117647059
2750	0.294117647059
2751	0.235294117647
2752	0.411764705882
2753	0.411764705882
2754	0.235294117647
2755	0.235294117647
2756	0.235294117647
2757	0.176470588235
2758	0.352941176471
2759	0.117647058824
2760	0.352941176471
2761	0.235294117647
2762	0.176470588235
2763	0.235294117647
2764	0.176470588235
2765	0.235294117647
2766	0.176470588235
2767	0.235294117647
2768	0.294117647059
2769	0.176470588235
2770	0.176470588235
2771	0.117647058824
2772	0.176470588235
2773	0.176470588235
2774	0.176470588235
2775	0.176470588235
2776	0.235294117647
2777	0.294117647059
2778	0.176470588235
2779	0.294117647059
2780	0.235294117647
2781	0.294117647059
2782	0.294117647059
2783	0.176470588235
2784	0.470588235294
2785	0.411764705882
2786	0.294117647059
2787	0.352941176471
2788	0.294117647059
2789	0.235294117647
2790	0.117647058824
2791	0.235294117647
2792	0.235294117647
2793	0.352941176471
2794	0.235294117647
2795	0.352941176471
2796	0.176470588235
2797	0.117647058824
2798	0.117647058824
2799	0.235294117647
2800	0.117647058824
2801	0.235294117647
2802	0.235294117647
2803	0.176470588235
2804	0.176470588235
2805	0.176470588235
2806	0.117647058824
2807	0.0588235294118
2808	0.117647058824
2809	0.0588235294118
2810	0.117647058824
2811	0.0588235294118
2812	0.0588235294118
2813	0.0588235294118
2814	0.0588235294118
2815	0.0588235294118
2816	0.0588235294118
2817	0.0588235294118
2818	0.0588235294118
2819	0.117647058824
2820	0.176470588235
2821	0.176470588235
2822	0.176470588235
2823	0.235294117647
2824	0.117647058824
2825	0.176470588235
2826	0.235294117647
2827	0.294117647059
2828	0.176470588235
2829	0.235294117647
2830	0.235294117647
2831	0.235294117647
2832	0.352941176471
2833	0.176470588235
2834	0.176470588235
2835	0.294117647059
2836	0.235294117647
2837	0.235294117647
2838	0.294117647059
2839	0.117647058824
2840	0.176470588235
2841	0.235294117647
2842	0.176470588235
2843	0.176470588235
2844	0.117647058824
2845	0.235294117647
2846	0.235294117647
2847	0.235294117647
2848	0.117647058824
2849	0.176470588235
2850	0.235294117647
2851	0.235294117647
2852	0.176470588235
2853	0.176470588235
2854	0.176470588235
2855	0.176470588235
2856	0.352941176471
2857	0.352941176471
2858	0.294117647059
2859	0.470588235294
2860	0.235294117647
2861	0.294117647059
2862	0.294117647059
2863	0.411764705882
2864	0.235294117647
2865	0.176470588235
2866	0.411764705882
2867	0.294117647059
2868	0.352941176471
2869	0.294117647059
2870	0.235294117647
2871	0.117647058824
2872	0.176470588235
2873	0.176470588235
2874	0.294117647059
2875	0.176470588235
2876	0.117647058824
2877	0.176470588235
2878	0.176470588235
2879	0.117647058824
2880	0.235294117647
2881	0.0588235294118
2882	0.117647058824
2883	0.117647058824
2884	0.0588235294118
2885	0.0588235294118
2886	0.0588235294118
2887	0.0588235294118
2888	0.0588235294118
2889	0.0588235294118
2890	0.0588235294118
2891	0.0588235294118
2892	0.0588235294118
2893	0.0588235294118
2894	0.117647058824
2895	0.117647058824
2896	0.0588235294118
2897	0.117647058824
2898	0.0588235294118
2899	0.0588235294118
2900	0.0588235294118
2901	0.0588235294118
2902	0.0588235294118
2903	0.0588235294118
2904	0.0588235294118
2905	0.0588235294118
2906	0.0588235294118
2907	0.0588235294118
2908	0.0588235294118
2909	0.0588235294118
2910	0.0588235294118
2911	0.0588235294118
2912	0.117647058824
2913	0.0588235294118
2914	0.117647058824
2915	0.117647058824
2916	0.0588235294118
2917	0.117647058824
2918	0.117647058824
2919	0.0588235294118
2920	0.176470588235
2921	0.117647058824
2922	0.117647058824
2923	0.176470588235
2924	0.294117647059
2925	0.176470588235
2926	0.294117647059
2927	0.411764705882
2928	0.235294117647
2929	0.176470588235
2930	0.411764705882
2931	0.0588235294118
2932	0.117647058824
2933	0.235294117647
2934	0.117647058824
2935	0.235294117647
2936	0.117647058824
2937	0.176470588235
2938	0.176470588235
2939	0.235294117647
2940	0.294117647059
2941	0.294117647059
2942	0.235294117647
2943	0.235294117647
2944	0.294117647059
2945	0.294117647059
2946	0.176470588235
2947	0.176470588235
2948	0.176470588235
2949	0.235294117647
2950	0.294117647059
2951	0.235294117647
2952	0.235294117647
2953	0.294117647059
2954	0.117647058824
2955	0.176470588235
2956	0.235294117647
2957	0.294117647059
2958	0.294117647059
2959	0.176470588235
2960	0.176470588235
2961	0.294117647059
2962	0.176470588235
2963	0.235294117647
2964	0.117647058824
2965	0.117647058824
2966	0.294117647059
2967	0.235294117647
2968	0.176470588235
2969	0.235294117647
2970	0.176470588235
2971	0.176470588235
2972	0.176470588235
2973	0.176470588235
2974	0.235294117647
2975	0.117647058824
2976	0.0588235294118
2977	0.0588235294118
2978	0.0588235294118
2979	0.0588235294118
2980	0.0588235294118
2981	0.0588235294118
2982	0.0588235294118
2983	0.0588235294118
2984	0.0588235294118
2985	0.0588235294118
2986	0.0588235294118
2987	0.117647058824
2988	0.0588235294118
2989	0.0588235294118
2990	0.117647058824
2991	0.117647058824
2992	0.0588235294118
2993	0.0588235294118
2994	0.0588235294118
2995	0.0588235294118
2996	0.0588235294118
2997	0.0588235294118
2998	0.0588235294118
2999	0.0588235294118
3000	0.117647058824
3001	0.176470588235
3002	0.0588235294118
3003	0.117647058824
3004	0.117647058824
3005	0.117647058824
3006	0.117647058824
3007	0.117647058824
3008	0.117647058824
3009	0.117647058824
3010	0.117647058824
3011	0.176470588235
3012	0.117647058824
3013	0.117647058824
3014	0.176470588235
3015	0.176470588235
3016	0.117647058824
3017	0.117647058824
3018	0.117647058824
3019	0.117647058824
3020	0.0588235294118
3021	0.117647058824
3022	0.0588235294118
3023	0.117647058824
3024	0.117647058824
3025	0.0588235294118
3026	0.117647058824
3027	0.117647058824
3028	0.0588235294118
3029	0.176470588235
3030	0.0588235294118
3031	0.0588235294118
3032	0.117647058824
3033	0.176470588235
3034	0.117647058824
3035	0.117647058824
3036	0.0588235294118
3037	0.117647058824
3038	0.117647058824
3039	0.176470588235
3040	0.117647058824
3041	0.117647058824
3042	0.117647058824
3043	0.117647058824
3044	0.0588235294118
3045	0.117647058824
3046	0.0588235294118
3047	0.117647058824
3048	0.0588235294118
3049	0.0588235294118
3050	0.117647058824
3051	0.117647058824
3052	0.0588235294118
3053	0.0588235294118
3054	0.117647058824
3055	0.117647058824
3056	0.117647058824
3057	0.0588235294118
3058	0.117647058824
3059	0.0588235294118
3060	0.117647058824
3061	0.117647058824
3062	0.176470588235
3063	0.0588235294118
3064	0.117647058824
3065	0.176470588235
3066	0.117647058824
3067	0.176470588235
3068	0.176470588235
3069	0.176470588235
3070	0.117647058824
3071	0.117647058824
3072	0.117647058824
3073	0.176470588235
3074	0.0588235294118
3075	0.117647058824
3076	0.0588235294118
3077	0.117647058824
3078	0.117647058824
3079	0.117647058824
3080	0.0588235294118
3081	0.0588235294118
3082	0.0588235294118
3083	0.0588235294118
3084	0.117647058824
3085	0.0588235294118
3086	0.235294117647
3087	0.235294117647
3088	0.117647058824
3089	0.117647058824
3090	0.117647058824
3091	0.117647058824
3092	0.176470588235
3093	0.117647058824
3094	0.235294117647
3095	0.235294117647
3096	0.117647058824
3097	0.117647058824
3098	0.117647058824
3099	0.176470588235
3100	0.117647058824
3101	0.176470588235
3102	0.294117647059
3103	0.235294117647
3104	0.117647058824
3105	0.176470588235
3106	0.176470588235
3107	0.117647058824
3108	0.176470588235
3109	0.117647058824
3110	0.176470588235
3111	0.235294117647
3112	0.235294117647
3113	0.0588235294118
3114	0.0588235294118
3115	0.0588235294118
3116	0.0588235294118
3117	0.0588235294118
3118	0.0588235294118
3119	0.176470588235
3120	0.176470588235
3121	0.176470588235
3122	0.117647058824
3123	0.235294117647
3124	0.294117647059
3125	0.176470588235
3126	0.117647058824
3127	0.117647058824
3128	0.117647058824
3129	0.117647058824
3130	0.176470588235
3131	0.0588235294118
3132	0.0588235294118
3133	0.0588235294118
3134	0.0588235294118
3135	0.0588235294118
3136	0.0588235294118
3137	0.352941176471
3138	0.294117647059
3139	0.176470588235
3140	0.176470588235
3141	0.235294117647
3142	0.176470588235
3143	0.176470588235
3144	0.235294117647
3145	0.176470588235
3146	0.176470588235
3147	0.235294117647
3148	0.176470588235
3149	0.176470588235
3150	0.235294117647
3151	0.352941176471
3152	0.352941176471
3153	0.176470588235
3154	0.176470588235
3155	0.294117647059
3156	0.235294117647
3157	0.176470588235
3158	0.235294117647
3159	0.176470588235
3160	0.176470588235
3161	0.176470588235
3162	0.176470588235
3163	0.117647058824
3164	0.176470588235
3165	0.117647058824
3166	0.117647058824
3167	0.176470588235
3168	0.176470588235
3169	0.0588235294118
3170	0.176470588235
3171	0.176470588235
3172	0.117647058824
3173	0.117647058824
3174	0.117647058824
3175	0.117647058824
3176	0.117647058824
3177	0.117647058824
3178	0.117647058824
3179	0.117647058824
3180	0.176470588235
3181	0.0588235294118
3182	0.117647058824
3183	0.176470588235
3184	0.176470588235
3185	0.117647058824
3186	0.117647058824
3187	0.117647058824
3188	0.117647058824
3189	0.117647058824
3190	0.176470588235
3191	0.117647058824
3192	0.0588235294118
3193	0.176470588235
3194	0.176470588235
3195	0.117647058824
3196	0.117647058824
3197	0.117647058824
3198	0.176470588235
3199	0.176470588235
3200	0.0588235294118
3201	0.117647058824
3202	0.176470588235
3203	0.176470588235
3204	0.176470588235
3205	0.117647058824
3206	0.117647058824
3207	0.235294117647
3208	0.117647058824
3209	0.117647058824
3210	0.294117647059
3211	0.176470588235
3212	0.176470588235
3213	0.117647058824
3214	0.117647058824
3215	0.117647058824
3216	0.235294117647
3217	0.176470588235
3218	0.294117647059
3219	0.176470588235
3220	0.176470588235
3221	0.117647058824
3222	0.176470588235
3223	0.176470588235
3224	0.176470588235
3225	0.235294117647
3226	0.176470588235
3227	0.176470588235
3228	0.117647058824
3229	0.235294117647
3230	0.176470588235
3231	0.176470588235
3232	0.117647058824
3233	0.176470588235
3234	0.117647058824
3235	0.117647058824
3236	0.117647058824
3237	0.0588235294118
3238	0.117647058824
3239	0.0588235294118
3240	0.117647058824
3241	0.117647058824
3242	0.176470588235
3243	0.117647058824
3244	0.0588235294118
3245	0.0588235294118
3246	0.0588235294118
3247	0.0588235294118
3248	0.0588235294118
3249	0.0588235294118
3250	0.0588235294118
3251	0.117647058824
3252	0.117647058824
3253	0.176470588235
3254	0.176470588235
3255	0.117647058824
3256	0.117647058824
3257	0.117647058824
3258	0.117647058824
3259	0.117647058824
3260	0.0588235294118
3261	0.176470588235
3262	0.117647058824
3263	0.117647058824
3264	0.235294117647
3265	0.235294117647
3266	0.117647058824
3267	0.294117647059
3268	0.294117647059
3269	0.235294117647
3270	0.176470588235
3271	0.176470588235
3272	0.235294117647
3273	0.176470588235
3274	0.176470588235
3275	0.294117647059
3276	0.176470588235
3277	0.235294117647
3278	0.117647058824
3279	0.176470588235
3280	0.117647058824
3281	0.0588235294118
3282	0.0588235294118
3283	0.0588235294118
3284	0.117647058824
3285	0.117647058824
3286	0.117647058824
3287	0.0588235294118
3288	0.0588235294118
3289	0.0588235294118
3290	0.235294117647
3291	0.0588235294118
3292	0.235294117647
3293	0.117647058824
3294	0.176470588235
3295	0.176470588235
3296	0.176470588235
3297	0.117647058824
3298	0.117647058824
3299	0.176470588235
3300	0.117647058824
3301	0.117647058824
3302	0.117647058824
3303	0.117647058824
3304	0.176470588235
3305	0.176470588235
3306	0.0588235294118
3307	0.117647058824
3308	0.117647058824
3309	0.176470588235
3310	0.0588235294118
3311	0.0588235294118
3312	0.0588235294118
3313	0.0588235294118
3314	0.0588235294118
3315	0.0588235294118
3316	0.0588235294118
3317	0.0588235294118
3318	0.0588235294118
3319	0.0588235294118
3320	0.0588235294118
3321	0.0588235294118
3322	0.0588235294118
3323	0.0588235294118
3324	0.0588235294118
3325	0.0588235294118
3326	0.0588235294118
3327	0.0588235294118
3328	0.0588235294118
3329	0.0588235294118
3330	0.0588235294118
3331	0.0588235294118
3332	0.0588235294118
3333	0.0588235294118
3334	0.0588235294118
3335	0.0588235294118
3336	0.0588235294118
3337	0.0588235294118
3338	0.0588235294118
3339	0.0588235294118
3340	0.0588235294118
3341	0.0588235294118
3342	0.0588235294118
3343	0.0588235294118
3344	0.0588235294118
3345	0.0588235294118
3346	0.0588235294118
3347	0.0588235294118
3348	0.0588235294118
3349	0.0588235294118
3350	0.0588235294118
3351	0.0588235294118
3352	0.0588235294118
3353	0.0588235294118
3354	0.0588235294118
3355	0.0588235294118
3356	0.0588235294118
3357	0.0588235294118
3358	0.0588235294118
3359	0.0588235294118
3360	0.0588235294118
3361	0.117647058824
3362	0.176470588235
3363	0.235294117647
3364	0.176470588235
3365	0.294117647059
3366	0.176470588235
3367	0.176470588235
3368	0.294117647059
3369	0.176470588235
3370	0.294117647059
3371	0.176470588235
3372	0.176470588235
3373	0.176470588235
3374	0.176470588235
3375	0.294117647059
3376	0.176470588235
3377	0.235294117647
3378	0.235294117647
3379	0.176470588235
3380	0.176470588235
3381	0.117647058824
3382	0.235294117647
3383	0.117647058824
3384	0.117647058824
3385	0.117647058824
3386	0.117647058824
3387	0.117647058824
3388	0.176470588235
3389	0.176470588235
3390	0.176470588235
3391	0.176470588235
3392	0.176470588235
3393	0.176470588235
3394	0.117647058824
3395	0.176470588235
3396	0.117647058824
3397	0.117647058824
3398	0.176470588235
3399	0.176470588235
3400	0.294117647059
3401	0.117647058824
3402	0.117647058824
3403	0.117647058824
3404	0.117647058824
3405	0.176470588235
3406	0.117647058824
3407	0.117647058824
3408	0.0588235294118
3409	0.0588235294118
3410	0.117647058824
3411	0.117647058824
3412	0.117647058824
3413	0.117647058824
3414	0.117647058824
3415	0.117647058824
3416	0.117647058824
3417	0.117647058824
3418	0.117647058824
3419	0.117647058824
3420	0.117647058824
3421	0.117647058824
3422	0.0588235294118
3423	0.117647058824
3424	0.117647058824
3425	0.117647058824
3426	0.117647058824
3427	0.117647058824
3428	0.117647058824
3429	0.117647058824
3430	0.117647058824
3431	0.117647058824
3432	0.0588235294118
3433	0.117647058824
3434	0.117647058824
3435	0.117647058824
3436	0.117647058824
3437	0.117647058824
3438	0.117647058824
3439	0.117647058824
3440	0.117647058824
3441	0.117647058824
3442	0.117647058824
3443	0.117647058824
3444	0.117647058824
3445	0.117647058824
3446	0.117647058824
3447	0.117647058824
3448	0.117647058824
3449	0.117647058824
3450	0.117647058824
3451	0.117647058824
3452	0.117647058824
3453	0.117647058824
3454	0.117647058824
3455	0.117647058824
3456	0.117647058824
3457	0.117647058824
3458	0.117647058824
3459	0.117647058824
3460	0.117647058824
3461	0.117647058824
3462	0.117647058824
3463	0.117647058824
3464	0.0588235294118
3465	0.117647058824
3466	0.117647058824
3467	0.117647058824
3468	0.117647058824
3469	0.117647058824
3470	0.117647058824
3471	0.117647058824
3472	0.117647058824
3473	0.117647058824
3474	0.117647058824
3475	0.117647058824
3476	0.117647058824
3477	0.117647058824
3478	0.117647058824
3479	0.117647058824
3480	0.117647058824
3481	0.117647058824
3482	0.176470588235
3483	0.352941176471
3484	0.235294117647
3485	0.235294117647
3486	0.352941176471
3487	0.294117647059
3488	0.176470588235
3489	0.294117647059
3490	0.176470588235
3491	0.235294117647
3492	0.294117647059
3493	0.235294117647
3494	0.176470588235
3495	0.117647058824
3496	0.176470588235
3497	0.176470588235
3498	0.117647058824
3499	0.117647058824
3500	0.117647058824
3501	0.176470588235
3502	0.117647058824
3503	0.176470588235
3504	0.176470588235
3505	0.117647058824
3506	0.176470588235
3507	0.176470588235
3508	0.117647058824
3509	0.117647058824
3510	0.176470588235
3511	0.176470588235
3512	0.117647058824
3513	0.176470588235
3514	0.117647058824
3515	0.176470588235
3516	0.117647058824
3517	0.117647058824
3518	0.117647058824
3519	0.176470588235
3520	0.117647058824
3521	0.117647058824
3522	0.176470588235
3523	0.176470588235
3524	0.117647058824
3525	0.176470588235
3526	0.117647058824
3527	0.117647058824
3528	0.117647058824
3529	0.117647058824
3530	0.117647058824
3531	0.117647058824
3532	0.117647058824
3533	0.117647058824
3534	0.117647058824
3535	0.117647058824
3536	0.117647058824
3537	0.117647058824
3538	0.117647058824
3539	0.117647058824
3540	0.117647058824
3541	0.117647058824
3542	0.117647058824
3543	0.117647058824
3544	0.0588235294118
3545	0.117647058824
3546	0.117647058824
3547	0.117647058824
3548	0.117647058824
3549	0.0588235294118
3550	0.117647058824
3551	0.117647058824
3552	0.117647058824
3553	0.117647058824
3554	0.117647058824
3555	0.117647058824
3556	0.117647058824
3557	0.117647058824
3558	0.117647058824
3559	0.117647058824
3560	0.117647058824
3561	0.117647058824
3562	0.117647058824
3563	0.117647058824
3564	0.117647058824
3565	0.117647058824
3566	0.117647058824
3567	0.235294117647
3568	0.235294117647
3569	0.176470588235
3570	0.117647058824
3571	0.294117647059
3572	0.235294117647
3573	0.235294117647
3574	0.294117647059
3575	0.117647058824
3576	0.235294117647
3577	0.117647058824
3578	0.235294117647
3579	0.235294117647
3580	0.235294117647
3581	0.176470588235
3582	0.294117647059
3583	0.235294117647
3584	0.235294117647
3585	0.294117647059
3586	0.176470588235
3587	0.294117647059
3588	0.176470588235
3589	0.235294117647
3590	0.235294117647
3591	0.176470588235
3592	0.176470588235
3593	0.117647058824
3594	0.117647058824
3595	0.117647058824
3596	0.117647058824
3597	0.117647058824
3598	0.176470588235
3599	0.235294117647
3600	0.176470588235
3601	0.235294117647
3602	0.235294117647
3603	0.176470588235
3604	0.117647058824
3605	0.117647058824
3606	0.235294117647
3607	0.117647058824
3608	0.176470588235
3609	0.176470588235
3610	0.117647058824
3611	0.235294117647
3612	0.176470588235
3613	0.176470588235
3614	0.176470588235
3615	0.176470588235
3616	0.235294117647
3617	0.176470588235
3618	0.117647058824
3619	0.117647058824
3620	0.176470588235
3621	0.176470588235
3622	0.235294117647
3623	0.235294117647
3624	0.0588235294118
3625	0.117647058824
3626	0.0588235294118
3627	0.0588235294118
3628	0.0588235294118
3629	0.0588235294118
3630	0.0588235294118
3631	0.0588235294118
3632	0.0588235294118
3633	0.0588235294118
3634	0.0588235294118
3635	0.0588235294118
3636	0.0588235294118
3637	0.0588235294118
3638	0.0588235294118
3639	0.0588235294118
3640	0.0588235294118
3641	0.0588235294118
3642	0.0588235294118
3643	0.0588235294118
3644	0.0588235294118
3645	0.0588235294118
3646	0.0588235294118
3647	0.0588235294118
3648	0.0588235294118
3649	0.0588235294118
3650	0.0588235294118
3651	0.0588235294118
3652	0.0588235294118
3653	0.0588235294118
3654	0.0588235294118
3655	0.0588235294118
3656	0.0588235294118
3657	0.0588235294118
3658	0.0588235294118
3659	0.0588235294118
3660	0.0588235294118
3661	0.0588235294118
3662	0.117647058824
3663	0.235294117647
3664	0.235294117647
3665	0.117647058824
3666	0.117647058824
3667	0.176470588235
3668	0.117647058824
3669	0.176470588235
3670	0.235294117647
3671	0.117647058824
3672	0.176470588235
3673	0.176470588235
3674	0.176470588235
3675	0.117647058824
3676	0.117647058824
3677	0.117647058824
3678	0.117647058824
3679	0.117647058824
3680	0.117647058824
3681	0.0588235294118
3682	0.117647058824
3683	0.117647058824
3684	0.117647058824
3685	0.117647058824
3686	0.117647058824
3687	0.117647058824
3688	0.117647058824
3689	0.0588235294118
3690	0.176470588235
3691	0.235294117647
3692	0.294117647059
3693	0.117647058824
3694	0.176470588235
3695	0.235294117647
