1	0.176470588235
2	0.176470588235
3	0.235294117647
4	0.294117647059
5	0.176470588235
6	0.176470588235
7	0.0588235294118
8	0.0588235294118
9	0.0588235294118
10	0.0588235294118
11	0.0588235294118
12	0.117647058824
13	0.0588235294118
14	0.176470588235
15	0.117647058824
16	0.235294117647
17	0.176470588235
18	0.117647058824
19	0.176470588235
20	0.117647058824
21	0.176470588235
22	0.117647058824
23	0.176470588235
24	0.176470588235
25	0.294117647059
26	0.117647058824
27	0.176470588235
28	0.176470588235
29	0.117647058824
30	0.176470588235
31	0.117647058824
32	0.176470588235
33	0.235294117647
34	0.176470588235
35	0.176470588235
36	0.117647058824
37	0.176470588235
38	0.0588235294118
39	0.0588235294118
40	0.0588235294118
41	0.0588235294118
42	0.0588235294118
43	0.0588235294118
44	0.0588235294118
45	0.117647058824
46	0.294117647059
47	0.176470588235
48	0.235294117647
49	0.235294117647
50	0.117647058824
51	0.235294117647
52	0.235294117647
53	0.294117647059
54	0.235294117647
55	0.117647058824
56	0.0588235294118
57	0.176470588235
58	0.0588235294118
59	0.117647058824
60	0.176470588235
61	0.176470588235
62	0.235294117647
63	0.0588235294118
64	0.0588235294118
65	0.235294117647
66	0.117647058824
67	0.117647058824
68	0.117647058824
69	0.117647058824
70	0.176470588235
71	0.117647058824
72	0.117647058824
73	0.117647058824
74	0.176470588235
75	0.0588235294118
76	0.117647058824
77	0.176470588235
78	0.176470588235
79	0.176470588235
80	0.0588235294118
81	0.117647058824
82	0.0588235294118
83	0.117647058824
84	0.117647058824
85	0.117647058824
86	0.235294117647
87	0.117647058824
88	0.235294117647
89	0.117647058824
90	0.176470588235
91	0.176470588235
92	0.117647058824
93	0.117647058824
94	0.176470588235
95	0.176470588235
96	0.176470588235
97	0.0588235294118
98	0.0588235294118
99	0.0588235294118
100	0.0588235294118
101	0.0588235294118
102	0.117647058824
103	0.0588235294118
104	0.117647058824
105	0.176470588235
106	0.117647058824
107	0.117647058824
108	0.117647058824
109	0.176470588235
110	0.235294117647
111	0.176470588235
112	0.117647058824
113	0.176470588235
114	0.117647058824
115	0.176470588235
116	0.117647058824
117	0.235294117647
118	0.0588235294118
119	0.117647058824
120	0.235294117647
121	0.0588235294118
122	0.0588235294118
123	0.0588235294118
124	0.0588235294118
125	0.0588235294118
126	0.0588235294118
127	0.0588235294118
128	0.0588235294118
129	0.0588235294118
130	0.0588235294118
131	0.0588235294118
132	0.0588235294118
133	0.0588235294118
134	0.0588235294118
135	0.0588235294118
136	0.0588235294118
137	0.0588235294118
138	0.0588235294118
139	0.0588235294118
140	0.0588235294118
141	0.0588235294118
142	0.0588235294118
143	0.0588235294118
144	0.0588235294118
145	0.0588235294118
146	0.0588235294118
147	0.0588235294118
148	0.0588235294118
149	0.0588235294118
150	0.0588235294118
151	0.0588235294118
152	0.0588235294118
153	0.0588235294118
154	0.0588235294118
155	0.0588235294118
156	0.0588235294118
157	0.0588235294118
158	0.0588235294118
159	0.176470588235
160	0.117647058824
161	0.117647058824
162	0.176470588235
163	0.235294117647
164	0.176470588235
165	0.117647058824
166	0.117647058824
167	0.117647058824
168	0.176470588235
169	0.176470588235
170	0.176470588235
171	0.117647058824
172	0.0588235294118
173	0.117647058824
174	0.0588235294118
175	0.0588235294118
176	0.117647058824
177	0.0588235294118
178	0.0588235294118
179	0.176470588235
180	0.0588235294118
181	0.117647058824
182	0.117647058824
183	0.117647058824
184	0.176470588235
185	0.117647058824
186	0.176470588235
187	0.117647058824
188	0.117647058824
189	0.117647058824
190	0.117647058824
191	0.117647058824
192	0.176470588235
193	0.0588235294118
194	0.0588235294118
195	0.0588235294118
196	0.117647058824
197	0.117647058824
198	0.0588235294118
199	0.117647058824
200	0.0588235294118
201	0.117647058824
202	0.0588235294118
203	0.117647058824
204	0.176470588235
205	0.117647058824
206	0.117647058824
207	0.117647058824
208	0.176470588235
209	0.176470588235
210	0.117647058824
211	0.176470588235
212	0.0588235294118
213	0.0588235294118
214	0.235294117647
215	0.235294117647
216	0.176470588235
217	0.117647058824
218	0.235294117647
219	0.235294117647
220	0.117647058824
221	0.235294117647
222	0.294117647059
223	0.176470588235
224	0.117647058824
225	0.176470588235
226	0.117647058824
227	0.235294117647
228	0.176470588235
229	0.176470588235
230	0.117647058824
231	0.176470588235
232	0.235294117647
233	0.117647058824
234	0.176470588235
235	0.176470588235
236	0.117647058824
237	0.117647058824
238	0.117647058824
239	0.0588235294118
240	0.0588235294118
241	0.117647058824
242	0.0588235294118
243	0.0588235294118
244	0.0588235294118
245	0.0588235294118
246	0.0588235294118
247	0.117647058824
248	0.0588235294118
249	0.0588235294118
250	0.117647058824
251	0.117647058824
252	0.117647058824
253	0.176470588235
254	0.117647058824
255	0.0588235294118
256	0.176470588235
257	0.117647058824
258	0.176470588235
259	0.117647058824
260	0.117647058824
261	0.117647058824
262	0.117647058824
263	0.117647058824
264	0.117647058824
265	0.117647058824
266	0.0588235294118
267	0.117647058824
268	0.0588235294118
269	0.0588235294118
270	0.0588235294118
271	0.0588235294118
272	0.0588235294118
273	0.0588235294118
274	0.0588235294118
275	0.117647058824
276	0.117647058824
277	0.0588235294118
278	0.0588235294118
279	0.117647058824
280	0.0588235294118
281	0.0588235294118
282	0.0588235294118
283	0.0588235294118
284	0.0588235294118
285	0.117647058824
286	0.117647058824
287	0.117647058824
288	0.117647058824
289	0.0588235294118
290	0.0588235294118
291	0.117647058824
292	0.117647058824
293	0.117647058824
294	0.0588235294118
295	0.117647058824
296	0.0588235294118
297	0.176470588235
298	0.117647058824
299	0.176470588235
300	0.117647058824
301	0.117647058824
302	0.117647058824
303	0.117647058824
304	0.117647058824
305	0.176470588235
306	0.176470588235
307	0.117647058824
308	0.176470588235
309	0.176470588235
310	0.117647058824
311	0.117647058824
312	0.176470588235
313	0.176470588235
314	0.117647058824
315	0.117647058824
316	0.176470588235
317	0.117647058824
318	0.176470588235
319	0.117647058824
320	0.0588235294118
321	0.0588235294118
322	0.0588235294118
323	0.0588235294118
324	0.0588235294118
325	0.0588235294118
326	0.0588235294118
327	0.0588235294118
328	0.117647058824
329	0.0588235294118
330	0.117647058824
331	0.117647058824
332	0.0588235294118
333	0.117647058824
334	0.176470588235
335	0.117647058824
336	0.176470588235
337	0.176470588235
338	0.117647058824
339	0.176470588235
340	0.176470588235
341	0.117647058824
342	0.235294117647
343	0.176470588235
344	0.117647058824
345	0.176470588235
346	0.176470588235
347	0.235294117647
348	0.235294117647
349	0.176470588235
350	0.294117647059
351	0.294117647059
352	0.0588235294118
353	0.0588235294118
354	0.0588235294118
355	0.0588235294118
356	0.0588235294118
357	0.0588235294118
358	0.0588235294118
359	0.0588235294118
360	0.0588235294118
361	0.0588235294118
362	0.0588235294118
363	0.0588235294118
364	0.0588235294118
365	0.0588235294118
366	0.0588235294118
367	0.0588235294118
368	0.0588235294118
369	0.176470588235
370	0.235294117647
371	0.235294117647
372	0.235294117647
373	0.176470588235
374	0.235294117647
375	0.235294117647
376	0.176470588235
377	0.117647058824
378	0.117647058824
379	0.0588235294118
380	0.0588235294118
381	0.0588235294118
382	0.0588235294118
383	0.117647058824
384	0.117647058824
385	0.0588235294118
386	0.0588235294118
387	0.117647058824
388	0.0588235294118
389	0.0588235294118
390	0.0588235294118
391	0.117647058824
392	0.117647058824
393	0.117647058824
394	0.117647058824
395	0.0588235294118
396	0.0588235294118
397	0.0588235294118
398	0.0588235294118
399	0.0588235294118
400	0.0588235294118
401	0.0588235294118
402	0.0588235294118
403	0.0588235294118
404	0.0588235294118
405	0.0588235294118
406	0.117647058824
407	0.176470588235
408	0.176470588235
409	0.176470588235
410	0.117647058824
411	0.117647058824
412	0.235294117647
413	0.117647058824
414	0.117647058824
415	0.176470588235
416	0.176470588235
417	0.117647058824
418	0.117647058824
419	0.117647058824
420	0.176470588235
421	0.117647058824
422	0.117647058824
423	0.117647058824
424	0.176470588235
425	0.117647058824
426	0.0588235294118
427	0.117647058824
428	0.117647058824
429	0.235294117647
430	0.117647058824
431	0.235294117647
432	0.117647058824
433	0.117647058824
434	0.294117647059
435	0.235294117647
436	0.117647058824
437	0.235294117647
438	0.294117647059
439	0.176470588235
440	0.117647058824
441	0.176470588235
442	0.117647058824
443	0.176470588235
444	0.117647058824
445	0.235294117647
446	0.176470588235
447	0.176470588235
448	0.235294117647
449	0.117647058824
450	0.176470588235
451	0.235294117647
452	0.117647058824
453	0.0588235294118
454	0.0588235294118
455	0.0588235294118
456	0.117647058824
457	0.117647058824
458	0.176470588235
459	0.176470588235
460	0.117647058824
461	0.0588235294118
462	0.0588235294118
463	0.0588235294118
464	0.0588235294118
465	0.117647058824
466	0.117647058824
467	0.117647058824
468	0.0588235294118
469	0.0588235294118
470	0.117647058824
471	0.0588235294118
472	0.117647058824
473	0.0588235294118
474	0.0588235294118
475	0.117647058824
476	0.117647058824
477	0.0588235294118
478	0.117647058824
479	0.0588235294118
480	0.0588235294118
481	0.0588235294118
482	0.0588235294118
483	0.0588235294118
484	0.0588235294118
485	0.0588235294118
486	0.0588235294118
487	0.0588235294118
488	0.0588235294118
489	0.0588235294118
490	0.117647058824
491	0.0588235294118
492	0.117647058824
493	0.117647058824
494	0.117647058824
495	0.117647058824
496	0.0588235294118
497	0.0588235294118
498	0.117647058824
499	0.0588235294118
500	0.117647058824
501	0.117647058824
502	0.0588235294118
503	0.0588235294118
504	0.0588235294118
505	0.0588235294118
506	0.117647058824
507	0.176470588235
508	0.0588235294118
509	0.0588235294118
510	0.0588235294118
511	0.0588235294118
512	0.0588235294118
513	0.0588235294118
514	0.0588235294118
515	0.0588235294118
516	0.0588235294118
517	0.0588235294118
518	0.0588235294118
519	0.0588235294118
520	0.0588235294118
521	0.0588235294118
522	0.0588235294118
523	0.0588235294118
524	0.0588235294118
525	0.0588235294118
526	0.0588235294118
527	0.0588235294118
528	0.0588235294118
529	0.0588235294118
530	0.0588235294118
531	0.0588235294118
532	0.0588235294118
533	0.0588235294118
534	0.0588235294118
535	0.0588235294118
536	0.0588235294118
537	0.0588235294118
538	0.0588235294118
539	0.0588235294118
540	0.0588235294118
541	0.0588235294118
542	0.0588235294118
543	0.0588235294118
544	0.0588235294118
545	0.0588235294118
546	0.0588235294118
547	0.0588235294118
548	0.0588235294118
549	0.176470588235
550	0.117647058824
551	0.117647058824
552	0.0588235294118
553	0.0588235294118
554	0.117647058824
555	0.117647058824
556	0.176470588235
557	0.176470588235
558	0.235294117647
559	0.176470588235
560	0.176470588235
561	0.235294117647
562	0.176470588235
563	0.117647058824
564	0.235294117647
565	0.117647058824
566	0.176470588235
567	0.117647058824
568	0.117647058824
569	0.117647058824
570	0.117647058824
571	0.117647058824
572	0.0588235294118
573	0.0588235294118
574	0.0588235294118
575	0.0588235294118
576	0.0588235294118
577	0.0588235294118
578	0.0588235294118
579	0.0588235294118
580	0.0588235294118
581	0.0588235294118
582	0.0588235294118
583	0.0588235294118
584	0.0588235294118
585	0.0588235294118
586	0.0588235294118
587	0.0588235294118
588	0.0588235294118
589	0.176470588235
590	0.235294117647
591	0.0588235294118
592	0.117647058824
593	0.117647058824
594	0.117647058824
595	0.235294117647
596	0.176470588235
597	0.117647058824
598	0.176470588235
599	0.117647058824
600	0.235294117647
601	0.0588235294118
602	0.117647058824
603	0.235294117647
604	0.0588235294118
605	0.0588235294118
606	0.0588235294118
607	0.0588235294118
608	0.0588235294118
609	0.176470588235
610	0.117647058824
611	0.117647058824
612	0.117647058824
613	0.235294117647
614	0.235294117647
615	0.117647058824
616	0.117647058824
617	0.117647058824
618	0.176470588235
619	0.117647058824
620	0.235294117647
621	0.176470588235
622	0.235294117647
623	0.235294117647
624	0.176470588235
625	0.235294117647
626	0.176470588235
627	0.235294117647
628	0.294117647059
629	0.176470588235
630	0.235294117647
631	0.176470588235
632	0.176470588235
633	0.176470588235
634	0.176470588235
635	0.117647058824
636	0.117647058824
637	0.117647058824
638	0.0588235294118
639	0.117647058824
640	0.117647058824
641	0.117647058824
642	0.117647058824
643	0.117647058824
644	0.176470588235
645	0.117647058824
646	0.176470588235
647	0.176470588235
648	0.117647058824
649	0.176470588235
650	0.176470588235
651	0.117647058824
652	0.117647058824
653	0.117647058824
654	0.176470588235
655	0.117647058824
656	0.176470588235
657	0.117647058824
658	0.235294117647
659	0.235294117647
660	0.117647058824
661	0.0588235294118
662	0.235294117647
663	0.0588235294118
664	0.0588235294118
665	0.0588235294118
666	0.0588235294118
667	0.0588235294118
668	0.0588235294118
669	0.0588235294118
670	0.0588235294118
671	0.0588235294118
672	0.0588235294118
673	0.0588235294118
674	0.0588235294118
675	0.117647058824
676	0.176470588235
677	0.117647058824
678	0.0588235294118
679	0.117647058824
680	0.176470588235
681	0.117647058824
682	0.117647058824
683	0.176470588235
684	0.0588235294118
685	0.117647058824
686	0.117647058824
687	0.235294117647
688	0.235294117647
689	0.235294117647
690	0.176470588235
691	0.117647058824
692	0.117647058824
693	0.117647058824
694	0.117647058824
695	0.117647058824
696	0.235294117647
697	0.235294117647
698	0.117647058824
699	0.117647058824
700	0.176470588235
701	0.117647058824
702	0.117647058824
703	0.176470588235
704	0.117647058824
705	0.117647058824
706	0.235294117647
707	0.235294117647
708	0.176470588235
709	0.235294117647
710	0.176470588235
711	0.176470588235
712	0.235294117647
713	0.117647058824
714	0.117647058824
715	0.0588235294118
716	0.117647058824
717	0.0588235294118
718	0.117647058824
719	0.0588235294118
720	0.0588235294118
721	0.0588235294118
722	0.0588235294118
723	0.0588235294118
724	0.0588235294118
725	0.0588235294118
726	0.0588235294118
727	0.0588235294118
728	0.0588235294118
729	0.0588235294118
730	0.0588235294118
731	0.117647058824
732	0.176470588235
733	0.0588235294118
734	0.176470588235
735	0.0588235294118
736	0.117647058824
737	0.117647058824
738	0.117647058824
739	0.117647058824
740	0.176470588235
741	0.176470588235
742	0.117647058824
743	0.235294117647
744	0.117647058824
745	0.117647058824
746	0.176470588235
747	0.117647058824
748	0.117647058824
749	0.176470588235
750	0.117647058824
751	0.176470588235
752	0.176470588235
753	0.176470588235
754	0.235294117647
755	0.176470588235
756	0.117647058824
757	0.176470588235
758	0.235294117647
759	0.235294117647
760	0.176470588235
761	0.176470588235
762	0.235294117647
763	0.235294117647
764	0.176470588235
765	0.176470588235
766	0.176470588235
767	0.176470588235
768	0.294117647059
769	0.117647058824
770	0.235294117647
771	0.0588235294118
772	0.176470588235
773	0.352941176471
774	0.294117647059
775	0.294117647059
776	0.235294117647
777	0.294117647059
778	0.411764705882
779	0.117647058824
780	0.117647058824
781	0.0588235294118
782	0.0588235294118
783	0.0588235294118
784	0.0588235294118
785	0.0588235294118
786	0.0588235294118
787	0.0588235294118
788	0.0588235294118
789	0.0588235294118
790	0.0588235294118
791	0.0588235294118
792	0.0588235294118
793	0.0588235294118
794	0.0588235294118
795	0.0588235294118
796	0.0588235294118
797	0.0588235294118
798	0.0588235294118
799	0.0588235294118
800	0.0588235294118
801	0.0588235294118
802	0.0588235294118
803	0.0588235294118
804	0.0588235294118
805	0.0588235294118
806	0.0588235294118
807	0.0588235294118
808	0.0588235294118
809	0.0588235294118
810	0.0588235294118
811	0.0588235294118
812	0.0588235294118
813	0.0588235294118
814	0.0588235294118
815	0.0588235294118
816	0.0588235294118
817	0.0588235294118
818	0.0588235294118
819	0.235294117647
820	0.352941176471
821	0.294117647059
822	0.294117647059
823	0.352941176471
824	0.176470588235
825	0.294117647059
826	0.176470588235
827	0.235294117647
828	0.176470588235
829	0.352941176471
830	0.176470588235
831	0.117647058824
832	0.235294117647
833	0.235294117647
834	0.117647058824
835	0.176470588235
836	0.235294117647
837	0.176470588235
838	0.117647058824
839	0.176470588235
840	0.176470588235
841	0.0588235294118
842	0.0588235294118
843	0.0588235294118
844	0.0588235294118
845	0.117647058824
846	0.0588235294118
847	0.0588235294118
848	0.0588235294118
849	0.117647058824
850	0.0588235294118
851	0.0588235294118
852	0.0588235294118
853	0.0588235294118
854	0.0588235294118
855	0.0588235294118
856	0.176470588235
857	0.176470588235
858	0.0588235294118
859	0.294117647059
860	0.294117647059
861	0.294117647059
862	0.176470588235
863	0.117647058824
864	0.235294117647
865	0.235294117647
866	0.352941176471
867	0.117647058824
868	0.235294117647
869	0.294117647059
870	0.176470588235
871	0.294117647059
872	0.294117647059
873	0.294117647059
874	0.117647058824
875	0.176470588235
876	0.235294117647
877	0.235294117647
878	0.235294117647
879	0.176470588235
880	0.117647058824
881	0.176470588235
882	0.117647058824
883	0.117647058824
884	0.117647058824
885	0.0588235294118
886	0.0588235294118
887	0.117647058824
888	0.235294117647
889	0.235294117647
890	0.176470588235
891	0.235294117647
892	0.176470588235
893	0.294117647059
894	0.411764705882
895	0.235294117647
896	0.294117647059
897	0.294117647059
898	0.294117647059
899	0.235294117647
900	0.411764705882
901	0.352941176471
902	0.294117647059
903	0.294117647059
904	0.235294117647
905	0.352941176471
906	0.235294117647
907	0.352941176471
908	0.352941176471
909	0.352941176471
910	0.235294117647
911	0.176470588235
912	0.411764705882
913	0.235294117647
914	0.294117647059
915	0.294117647059
916	0.470588235294
917	0.235294117647
918	0.411764705882
919	0.352941176471
920	0.411764705882
921	0.411764705882
922	0.294117647059
923	0.352941176471
924	0.235294117647
925	0.235294117647
926	0.352941176471
927	0.352941176471
928	0.235294117647
929	0.294117647059
930	0.176470588235
931	0.235294117647
932	0.235294117647
933	0.117647058824
934	0.294117647059
935	0.176470588235
936	0.235294117647
937	0.117647058824
938	0.176470588235
939	0.176470588235
940	0.0588235294118
941	0.176470588235
942	0.176470588235
943	0.117647058824
944	0.176470588235
945	0.176470588235
946	0.117647058824
947	0.176470588235
948	0.117647058824
949	0.235294117647
950	0.235294117647
951	0.176470588235
952	0.117647058824
953	0.117647058824
954	0.294117647059
955	0.176470588235
956	0.176470588235
957	0.235294117647
958	0.176470588235
959	0.294117647059
960	0.294117647059
961	0.411764705882
962	0.294117647059
963	0.294117647059
964	0.235294117647
965	0.294117647059
966	0.235294117647
967	0.352941176471
968	0.352941176471
969	0.470588235294
970	0.294117647059
971	0.352941176471
972	0.294117647059
973	0.294117647059
974	0.352941176471
975	0.411764705882
976	0.235294117647
977	0.235294117647
978	0.352941176471
979	0.294117647059
980	0.294117647059
981	0.411764705882
982	0.235294117647
983	0.235294117647
984	0.294117647059
985	0.352941176471
986	0.411764705882
987	0.235294117647
988	0.352941176471
989	0.235294117647
990	0.470588235294
991	0.235294117647
992	0.294117647059
993	0.411764705882
994	0.235294117647
995	0.235294117647
996	0.117647058824
997	0.117647058824
998	0.117647058824
999	0.117647058824
1000	0.117647058824
1001	0.0588235294118
1002	0.0588235294118
1003	0.0588235294118
1004	0.0588235294118
1005	0.0588235294118
1006	0.0588235294118
1007	0.117647058824
1008	0.117647058824
1009	0.176470588235
1010	0.117647058824
1011	0.176470588235
1012	0.176470588235
1013	0.117647058824
1014	0.117647058824
1015	0.176470588235
1016	0.117647058824
1017	0.176470588235
1018	0.0588235294118
1019	0.0588235294118
1020	0.176470588235
1021	0.0588235294118
1022	0.117647058824
1023	0.117647058824
1024	0.0588235294118
1025	0.176470588235
1026	0.117647058824
1027	0.117647058824
1028	0.176470588235
1029	0.176470588235
1030	0.117647058824
1031	0.0588235294118
1032	0.176470588235
1033	0.117647058824
1034	0.117647058824
1035	0.117647058824
1036	0.176470588235
1037	0.176470588235
1038	0.0588235294118
1039	0.117647058824
1040	0.117647058824
1041	0.0588235294118
1042	0.0588235294118
1043	0.0588235294118
1044	0.0588235294118
1045	0.0588235294118
1046	0.0588235294118
1047	0.0588235294118
1048	0.0588235294118
1049	0.0588235294118
1050	0.0588235294118
1051	0.0588235294118
1052	0.0588235294118
1053	0.0588235294118
1054	0.0588235294118
1055	0.0588235294118
1056	0.0588235294118
1057	0.0588235294118
1058	0.0588235294118
1059	0.0588235294118
1060	0.0588235294118
1061	0.176470588235
1062	0.117647058824
1063	0.117647058824
1064	0.294117647059
1065	0.176470588235
1066	0.294117647059
1067	0.235294117647
1068	0.235294117647
1069	0.294117647059
1070	0.411764705882
1071	0.235294117647
1072	0.235294117647
1073	0.235294117647
1074	0.0588235294118
1075	0.0588235294118
1076	0.0588235294118
1077	0.0588235294118
1078	0.0588235294118
1079	0.0588235294118
1080	0.0588235294118
1081	0.0588235294118
1082	0.0588235294118
1083	0.0588235294118
1084	0.0588235294118
1085	0.0588235294118
1086	0.0588235294118
1087	0.0588235294118
1088	0.0588235294118
1089	0.0588235294118
1090	0.0588235294118
1091	0.0588235294118
1092	0.0588235294118
1093	0.0588235294118
1094	0.0588235294118
1095	0.0588235294118
1096	0.0588235294118
1097	0.0588235294118
1098	0.294117647059
1099	0.235294117647
1100	0.176470588235
1101	0.352941176471
1102	0.352941176471
1103	0.235294117647
1104	0.235294117647
1105	0.117647058824
1106	0.176470588235
1107	0.235294117647
1108	0.235294117647
1109	0.294117647059
1110	0.176470588235
1111	0.352941176471
1112	0.411764705882
1113	0.235294117647
1114	0.294117647059
1115	0.235294117647
1116	0.294117647059
1117	0.176470588235
1118	0.235294117647
1119	0.352941176471
1120	0.235294117647
1121	0.176470588235
1122	0.117647058824
1123	0.235294117647
1124	0.117647058824
1125	0.235294117647
1126	0.176470588235
1127	0.176470588235
1128	0.235294117647
1129	0.176470588235
1130	0.294117647059
1131	0.235294117647
1132	0.117647058824
1133	0.235294117647
1134	0.294117647059
1135	0.352941176471
1136	0.235294117647
1137	0.176470588235
1138	0.176470588235
1139	0.176470588235
1140	0.176470588235
1141	0.294117647059
1142	0.294117647059
1143	0.294117647059
1144	0.235294117647
1145	0.235294117647
1146	0.235294117647
1147	0.235294117647
1148	0.352941176471
1149	0.294117647059
1150	0.294117647059
1151	0.117647058824
1152	0.0588235294118
1153	0.0588235294118
1154	0.0588235294118
1155	0.0588235294118
1156	0.0588235294118
1157	0.0588235294118
1158	0.0588235294118
1159	0.0588235294118
1160	0.0588235294118
1161	0.0588235294118
1162	0.0588235294118
1163	0.0588235294118
1164	0.0588235294118
1165	0.0588235294118
1166	0.117647058824
1167	0.117647058824
1168	0.235294117647
1169	0.294117647059
1170	0.176470588235
1171	0.176470588235
1172	0.117647058824
1173	0.176470588235
1174	0.235294117647
1175	0.235294117647
1176	0.117647058824
1177	0.176470588235
1178	0.235294117647
1179	0.0588235294118
1180	0.117647058824
1181	0.0588235294118
1182	0.0588235294118
1183	0.0588235294118
1184	0.176470588235
1185	0.235294117647
1186	0.176470588235
1187	0.235294117647
1188	0.176470588235
1189	0.176470588235
1190	0.294117647059
1191	0.235294117647
1192	0.176470588235
1193	0.411764705882
1194	0.352941176471
1195	0.294117647059
1196	0.176470588235
1197	0.352941176471
1198	0.470588235294
1199	0.294117647059
1200	0.411764705882
1201	0.235294117647
1202	0.235294117647
1203	0.294117647059
1204	0.352941176471
1205	0.294117647059
1206	0.294117647059
1207	0.529411764706
1208	0.294117647059
1209	0.529411764706
1210	0.235294117647
1211	0.352941176471
1212	0.352941176471
1213	0.529411764706
1214	0.411764705882
1215	0.235294117647
1216	0.411764705882
1217	0.294117647059
1218	0.411764705882
1219	0.352941176471
1220	0.470588235294
1221	0.294117647059
1222	0.176470588235
1223	0.411764705882
1224	0.352941176471
1225	0.235294117647
1226	0.411764705882
1227	0.647058823529
1228	0.235294117647
1229	0.411764705882
1230	0.352941176471
1231	0.529411764706
1232	0.235294117647
1233	0.294117647059
1234	0.411764705882
1235	0.294117647059
1236	0.294117647059
1237	0.294117647059
1238	0.235294117647
1239	0.352941176471
1240	0.235294117647
1241	0.470588235294
1242	0.470588235294
1243	0.235294117647
1244	0.529411764706
1245	0.529411764706
1246	0.411764705882
1247	0.352941176471
1248	0.235294117647
1249	0.352941176471
1250	0.294117647059
1251	0.411764705882
1252	0.411764705882
1253	0.352941176471
1254	0.352941176471
1255	0.176470588235
1256	0.411764705882
1257	0.294117647059
1258	0.176470588235
1259	0.235294117647
1260	0.117647058824
1261	0.117647058824
1262	0.0588235294118
1263	0.0588235294118
1264	0.0588235294118
1265	0.0588235294118
1266	0.0588235294118
1267	0.0588235294118
1268	0.0588235294118
1269	0.0588235294118
1270	0.0588235294118
1271	0.0588235294118
1272	0.0588235294118
1273	0.0588235294118
1274	0.0588235294118
1275	0.0588235294118
1276	0.0588235294118
1277	0.0588235294118
1278	0.0588235294118
1279	0.0588235294118
1280	0.0588235294118
1281	0.0588235294118
1282	0.0588235294118
1283	0.0588235294118
1284	0.0588235294118
1285	0.0588235294118
1286	0.0588235294118
1287	0.0588235294118
1288	0.0588235294118
1289	0.0588235294118
1290	0.0588235294118
1291	0.0588235294118
1292	0.0588235294118
1293	0.0588235294118
1294	0.0588235294118
1295	0.0588235294118
1296	0.0588235294118
1297	0.0588235294118
1298	0.0588235294118
1299	0.0588235294118
1300	0.0588235294118
1301	0.0588235294118
1302	0.0588235294118
1303	0.0588235294118
1304	0.0588235294118
1305	0.0588235294118
1306	0.0588235294118
1307	0.0588235294118
1308	0.0588235294118
1309	0.0588235294118
1310	0.0588235294118
1311	0.0588235294118
1312	0.117647058824
1313	0.235294117647
1314	0.470588235294
1315	0.470588235294
1316	0.470588235294
1317	0.352941176471
1318	0.352941176471
1319	0.411764705882
1320	0.411764705882
1321	0.411764705882
1322	0.352941176471
1323	0.352941176471
1324	0.235294117647
1325	0.411764705882
1326	0.352941176471
1327	0.352941176471
1328	0.176470588235
1329	0.235294117647
1330	0.235294117647
1331	0.411764705882
1332	0.294117647059
1333	0.117647058824
1334	0.117647058824
1335	0.117647058824
1336	0.235294117647
1337	0.176470588235
1338	0.176470588235
1339	0.117647058824
1340	0.117647058824
1341	0.235294117647
1342	0.0588235294118
1343	0.0588235294118
1344	0.176470588235
1345	0.176470588235
1346	0.117647058824
1347	0.117647058824
1348	0.117647058824
1349	0.117647058824
1350	0.176470588235
1351	0.0588235294118
1352	0.0588235294118
1353	0.0588235294118
1354	0.0588235294118
1355	0.0588235294118
1356	0.0588235294118
1357	0.0588235294118
1358	0.0588235294118
1359	0.0588235294118
1360	0.117647058824
1361	0.117647058824
1362	0.117647058824
1363	0.0588235294118
1364	0.117647058824
1365	0.117647058824
1366	0.117647058824
1367	0.117647058824
1368	0.176470588235
1369	0.176470588235
1370	0.176470588235
1371	0.176470588235
1372	0.176470588235
1373	0.176470588235
1374	0.117647058824
1375	0.176470588235
1376	0.176470588235
1377	0.0588235294118
1378	0.117647058824
1379	0.117647058824
1380	0.117647058824
1381	0.0588235294118
1382	0.117647058824
1383	0.117647058824
1384	0.117647058824
1385	0.117647058824
1386	0.0588235294118
1387	0.117647058824
1388	0.117647058824
1389	0.117647058824
1390	0.0588235294118
1391	0.0588235294118
1392	0.117647058824
1393	0.0588235294118
1394	0.0588235294118
1395	0.0588235294118
1396	0.0588235294118
1397	0.0588235294118
1398	0.0588235294118
1399	0.0588235294118
1400	0.0588235294118
1401	0.235294117647
1402	0.176470588235
1403	0.176470588235
1404	0.470588235294
1405	0.294117647059
1406	0.647058823529
1407	0.529411764706
1408	0.294117647059
1409	0.294117647059
1410	0.294117647059
1411	0.647058823529
1412	0.705882352941
1413	0.588235294118
1414	0.529411764706
1415	0.588235294118
1416	0.647058823529
1417	0.176470588235
1418	0.176470588235
1419	0.117647058824
1420	0.352941176471
1421	0.117647058824
1422	0.117647058824
1423	0.235294117647
1424	0.352941176471
1425	0.117647058824
1426	0.294117647059
1427	0.176470588235
1428	0.235294117647
1429	0.294117647059
1430	0.117647058824
1431	0.117647058824
1432	0.176470588235
1433	0.176470588235
1434	0.0588235294118
1435	0.0588235294118
1436	0.0588235294118
1437	0.0588235294118
1438	0.0588235294118
1439	0.0588235294118
1440	0.0588235294118
1441	0.0588235294118
1442	0.0588235294118
1443	0.0588235294118
1444	0.0588235294118
1445	0.0588235294118
1446	0.0588235294118
1447	0.0588235294118
1448	0.0588235294118
1449	0.0588235294118
1450	0.0588235294118
1451	0.0588235294118
1452	0.0588235294118
1453	0.0588235294118
1454	0.0588235294118
1455	0.0588235294118
1456	0.0588235294118
1457	0.0588235294118
1458	0.0588235294118
1459	0.0588235294118
1460	0.0588235294118
1461	0.0588235294118
1462	0.0588235294118
1463	0.0588235294118
1464	0.0588235294118
1465	0.0588235294118
1466	0.0588235294118
1467	0.0588235294118
1468	0.117647058824
1469	0.0588235294118
1470	0.235294117647
1471	0.352941176471
1472	0.529411764706
1473	0.529411764706
1474	0.470588235294
1475	0.411764705882
1476	0.294117647059
1477	0.235294117647
1478	0.294117647059
1479	0.352941176471
1480	0.352941176471
1481	0.294117647059
1482	0.470588235294
1483	0.470588235294
1484	0.529411764706
1485	0.529411764706
1486	0.647058823529
1487	0.352941176471
1488	0.647058823529
1489	0.235294117647
1490	0.411764705882
1491	0.117647058824
1492	0.117647058824
1493	0.117647058824
1494	0.0588235294118
1495	0.294117647059
1496	0.352941176471
1497	0.294117647059
1498	0.411764705882
1499	0.411764705882
1500	0.352941176471
1501	0.352941176471
1502	0.352941176471
1503	0.529411764706
1504	0.588235294118
1505	0.352941176471
1506	0.529411764706
1507	0.411764705882
1508	0.0588235294118
1509	0.0588235294118
1510	0.0588235294118
1511	0.0588235294118
1512	0.352941176471
1513	0.470588235294
1514	0.470588235294
1515	0.764705882353
1516	0.352941176471
1517	0.529411764706
1518	0.294117647059
1519	0.352941176471
1520	0.470588235294
1521	0.529411764706
1522	0.294117647059
1523	0.411764705882
1524	0.705882352941
1525	0.647058823529
1526	0.352941176471
1527	0.235294117647
1528	0.294117647059
1529	0.294117647059
1530	0.294117647059
1531	0.411764705882
1532	0.235294117647
1533	0.352941176471
1534	0.352941176471
1535	0.352941176471
1536	0.352941176471
1537	0.588235294118
1538	0.588235294118
1539	0.529411764706
1540	0.529411764706
1541	0.647058823529
1542	0.411764705882
1543	0.588235294118
1544	0.647058823529
1545	0.705882352941
1546	0.705882352941
1547	0.647058823529
1548	0.470588235294
1549	0.294117647059
1550	0.705882352941
1551	0.411764705882
1552	0.647058823529
1553	0.411764705882
1554	0.529411764706
1555	0.588235294118
1556	0.529411764706
1557	0.647058823529
1558	0.647058823529
1559	0.411764705882
1560	0.647058823529
1561	0.470588235294
1562	0.705882352941
1563	0.411764705882
1564	0.352941176471
1565	0.411764705882
1566	0.529411764706
1567	0.411764705882
1568	0.294117647059
1569	0.0588235294118
1570	0.0588235294118
1571	0.0588235294118
1572	0.0588235294118
1573	0.0588235294118
1574	0.0588235294118
1575	0.0588235294118
1576	0.0588235294118
1577	0.0588235294118
1578	0.0588235294118
1579	0.0588235294118
1580	0.0588235294118
1581	0.0588235294118
1582	0.0588235294118
1583	0.0588235294118
1584	0.0588235294118
1585	0.0588235294118
1586	0.0588235294118
1587	0.0588235294118
1588	0.117647058824
1589	0.117647058824
1590	0.117647058824
1591	0.117647058824
1592	0.0588235294118
1593	0.117647058824
1594	0.176470588235
1595	0.176470588235
1596	0.235294117647
1597	0.176470588235
1598	0.117647058824
1599	0.235294117647
1600	0.176470588235
1601	0.235294117647
1602	0.117647058824
1603	0.235294117647
1604	0.176470588235
1605	0.176470588235
1606	0.176470588235
1607	0.117647058824
1608	0.0588235294118
1609	0.117647058824
1610	0.117647058824
1611	0.176470588235
1612	0.117647058824
1613	0.0588235294118
1614	0.176470588235
1615	0.0588235294118
1616	0.117647058824
1617	0.0588235294118
1618	0.235294117647
1619	0.235294117647
1620	0.294117647059
1621	0.235294117647
1622	0.294117647059
1623	0.294117647059
1624	0.294117647059
1625	0.235294117647
1626	0.294117647059
1627	0.235294117647
1628	0.294117647059
1629	0.235294117647
1630	0.352941176471
1631	0.294117647059
1632	0.235294117647
1633	0.235294117647
1634	0.352941176471
1635	0.294117647059
1636	0.235294117647
1637	0.235294117647
1638	0.294117647059
1639	0.235294117647
1640	0.294117647059
1641	0.235294117647
1642	0.352941176471
1643	0.294117647059
1644	0.352941176471
1645	0.352941176471
1646	0.176470588235
1647	0.235294117647
1648	0.235294117647
1649	0.352941176471
1650	0.470588235294
1651	0.352941176471
1652	0.470588235294
1653	0.411764705882
1654	0.235294117647
1655	0.235294117647
1656	0.294117647059
1657	0.294117647059
1658	0.176470588235
1659	0.470588235294
1660	0.235294117647
1661	0.176470588235
1662	0.176470588235
1663	0.235294117647
1664	0.176470588235
1665	0.176470588235
1666	0.176470588235
1667	0.176470588235
1668	0.294117647059
1669	0.117647058824
1670	0.235294117647
1671	0.176470588235
1672	0.235294117647
1673	0.0588235294118
1674	0.0588235294118
1675	0.117647058824
1676	0.0588235294118
1677	0.0588235294118
1678	0.0588235294118
1679	0.0588235294118
1680	0.0588235294118
1681	0.0588235294118
1682	0.0588235294118
1683	0.0588235294118
1684	0.0588235294118
1685	0.0588235294118
1686	0.0588235294118
1687	0.0588235294118
1688	0.0588235294118
1689	0.0588235294118
1690	0.0588235294118
1691	0.0588235294118
1692	0.0588235294118
1693	0.0588235294118
1694	0.0588235294118
1695	0.0588235294118
1696	0.0588235294118
1697	0.0588235294118
1698	0.0588235294118
1699	0.0588235294118
1700	0.0588235294118
1701	0.0588235294118
1702	0.0588235294118
1703	0.0588235294118
1704	0.0588235294118
1705	0.0588235294118
1706	0.0588235294118
1707	0.0588235294118
1708	0.117647058824
1709	0.117647058824
1710	0.176470588235
1711	0.176470588235
1712	0.117647058824
1713	0.117647058824
1714	0.352941176471
1715	0.352941176471
1716	0.352941176471
1717	0.588235294118
1718	0.294117647059
1719	0.647058823529
1720	0.529411764706
1721	0.411764705882
1722	0.352941176471
1723	0.470588235294
1724	0.529411764706
1725	0.411764705882
1726	0.411764705882
1727	0.352941176471
1728	0.529411764706
1729	0.529411764706
1730	0.352941176471
1731	0.411764705882
1732	0.411764705882
1733	0.588235294118
1734	0.411764705882
1735	0.352941176471
1736	0.411764705882
1737	0.294117647059
1738	0.352941176471
1739	0.0588235294118
1740	0.0588235294118
1741	0.0588235294118
1742	0.0588235294118
1743	0.117647058824
1744	0.117647058824
1745	0.117647058824
1746	0.117647058824
1747	0.0588235294118
1748	0.0588235294118
1749	0.0588235294118
1750	0.0588235294118
1751	0.0588235294118
1752	0.0588235294118
1753	0.0588235294118
1754	0.0588235294118
1755	0.0588235294118
1756	0.0588235294118
1757	0.0588235294118
1758	0.0588235294118
1759	0.0588235294118
1760	0.0588235294118
1761	0.0588235294118
1762	0.0588235294118
1763	0.0588235294118
1764	0.0588235294118
1765	0.0588235294118
1766	0.176470588235
1767	0.176470588235
1768	0.235294117647
1769	0.176470588235
1770	0.176470588235
1771	0.235294117647
1772	0.176470588235
1773	0.176470588235
1774	0.294117647059
1775	0.176470588235
1776	0.235294117647
1777	0.235294117647
1778	0.176470588235
1779	0.235294117647
1780	0.235294117647
1781	0.176470588235
1782	0.117647058824
1783	0.117647058824
1784	0.235294117647
1785	0.176470588235
1786	0.176470588235
1787	0.176470588235
1788	0.176470588235
1789	0.235294117647
1790	0.235294117647
1791	0.117647058824
1792	0.117647058824
1793	0.117647058824
1794	0.117647058824
1795	0.235294117647
1796	0.235294117647
1797	0.411764705882
1798	0.235294117647
1799	0.411764705882
1800	0.176470588235
1801	0.235294117647
1802	0.352941176471
1803	0.235294117647
1804	0.411764705882
1805	0.411764705882
1806	0.235294117647
1807	0.235294117647
1808	0.352941176471
1809	0.235294117647
1810	0.352941176471
1811	0.176470588235
1812	0.235294117647
1813	0.235294117647
1814	0.235294117647
1815	0.294117647059
1816	0.294117647059
1817	0.235294117647
1818	0.529411764706
1819	0.411764705882
1820	0.294117647059
1821	0.529411764706
1822	0.294117647059
1823	0.352941176471
1824	0.352941176471
1825	0.588235294118
1826	0.529411764706
1827	0.352941176471
1828	0.352941176471
1829	0.352941176471
1830	0.235294117647
1831	0.294117647059
1832	0.470588235294
1833	0.411764705882
1834	0.529411764706
1835	0.588235294118
1836	0.411764705882
1837	0.529411764706
1838	0.294117647059
1839	0.235294117647
1840	0.529411764706
1841	0.294117647059
1842	0.529411764706
1843	0.294117647059
1844	0.176470588235
1845	0.117647058824
1846	0.0588235294118
1847	0.0588235294118
1848	0.0588235294118
1849	0.117647058824
1850	0.117647058824
1851	0.294117647059
1852	0.235294117647
1853	0.352941176471
1854	0.235294117647
1855	0.294117647059
1856	0.176470588235
1857	0.235294117647
1858	0.411764705882
1859	0.176470588235
1860	0.235294117647
1861	0.176470588235
1862	0.176470588235
1863	0.176470588235
1864	0.176470588235
1865	0.235294117647
1866	0.176470588235
1867	0.352941176471
1868	0.294117647059
1869	0.411764705882
1870	0.352941176471
1871	0.294117647059
1872	0.176470588235
1873	0.176470588235
1874	0.352941176471
1875	0.294117647059
1876	0.294117647059
1877	0.235294117647
1878	0.294117647059
1879	0.176470588235
1880	0.176470588235
1881	0.235294117647
1882	0.176470588235
1883	0.176470588235
1884	0.294117647059
1885	0.117647058824
1886	0.176470588235
1887	0.117647058824
1888	0.117647058824
1889	0.176470588235
1890	0.117647058824
1891	0.176470588235
1892	0.176470588235
1893	0.235294117647
1894	0.235294117647
1895	0.235294117647
1896	0.411764705882
1897	0.176470588235
1898	0.352941176471
1899	0.294117647059
1900	0.294117647059
1901	0.294117647059
1902	0.411764705882
1903	0.352941176471
1904	0.235294117647
1905	0.235294117647
1906	0.235294117647
1907	0.235294117647
1908	0.294117647059
1909	0.294117647059
1910	0.176470588235
1911	0.235294117647
1912	0.411764705882
1913	0.235294117647
1914	0.235294117647
1915	0.176470588235
1916	0.294117647059
1917	0.235294117647
1918	0.235294117647
1919	0.235294117647
1920	0.294117647059
1921	0.176470588235
1922	0.411764705882
1923	0.294117647059
1924	0.294117647059
1925	0.176470588235
1926	0.235294117647
1927	0.117647058824
1928	0.235294117647
1929	0.294117647059
1930	0.235294117647
1931	0.176470588235
1932	0.176470588235
1933	0.176470588235
1934	0.176470588235
1935	0.117647058824
1936	0.176470588235
1937	0.117647058824
1938	0.117647058824
1939	0.176470588235
1940	0.176470588235
1941	0.235294117647
1942	0.176470588235
1943	0.176470588235
1944	0.235294117647
1945	0.294117647059
1946	0.117647058824
1947	0.176470588235
1948	0.235294117647
1949	0.235294117647
1950	0.176470588235
1951	0.294117647059
1952	0.0588235294118
1953	0.0588235294118
1954	0.0588235294118
1955	0.0588235294118
1956	0.0588235294118
1957	0.0588235294118
1958	0.0588235294118
1959	0.0588235294118
1960	0.0588235294118
1961	0.0588235294118
1962	0.0588235294118
1963	0.0588235294118
1964	0.117647058824
1965	0.0588235294118
1966	0.0588235294118
1967	0.117647058824
1968	0.117647058824
1969	0.117647058824
1970	0.0588235294118
1971	0.0588235294118
1972	0.0588235294118
1973	0.0588235294118
1974	0.0588235294118
1975	0.0588235294118
1976	0.0588235294118
1977	0.117647058824
1978	0.0588235294118
1979	0.0588235294118
1980	0.0588235294118
1981	0.0588235294118
1982	0.0588235294118
1983	0.0588235294118
1984	0.0588235294118
1985	0.0588235294118
1986	0.0588235294118
1987	0.0588235294118
1988	0.0588235294118
1989	0.0588235294118
1990	0.0588235294118
1991	0.0588235294118
1992	0.0588235294118
1993	0.0588235294118
1994	0.0588235294118
1995	0.0588235294118
1996	0.0588235294118
1997	0.0588235294118
1998	0.0588235294118
1999	0.0588235294118
2000	0.0588235294118
2001	0.0588235294118
2002	0.0588235294118
2003	0.117647058824
2004	0.117647058824
2005	0.117647058824
2006	0.117647058824
2007	0.0588235294118
2008	0.0588235294118
2009	0.0588235294118
2010	0.0588235294118
2011	0.0588235294118
2012	0.0588235294118
2013	0.0588235294118
2014	0.0588235294118
2015	0.235294117647
2016	0.294117647059
2017	0.176470588235
2018	0.117647058824
2019	0.176470588235
2020	0.176470588235
2021	0.117647058824
2022	0.176470588235
2023	0.176470588235
2024	0.117647058824
2025	0.176470588235
2026	0.176470588235
2027	0.235294117647
2028	0.176470588235
2029	0.176470588235
2030	0.117647058824
2031	0.235294117647
2032	0.176470588235
2033	0.235294117647
2034	0.235294117647
2035	0.117647058824
2036	0.235294117647
2037	0.294117647059
2038	0.411764705882
2039	0.294117647059
2040	0.294117647059
2041	0.235294117647
2042	0.294117647059
2043	0.235294117647
2044	0.411764705882
2045	0.470588235294
2046	0.294117647059
2047	0.352941176471
2048	0.235294117647
2049	0.294117647059
2050	0.294117647059
2051	0.176470588235
2052	0.294117647059
2053	0.294117647059
2054	0.235294117647
2055	0.235294117647
2056	0.352941176471
2057	0.176470588235
2058	0.411764705882
2059	0.411764705882
2060	0.352941176471
2061	0.235294117647
2062	0.235294117647
2063	0.235294117647
2064	0.352941176471
2065	0.294117647059
2066	0.352941176471
2067	0.294117647059
2068	0.470588235294
2069	0.470588235294
2070	0.235294117647
2071	0.411764705882
2072	0.235294117647
2073	0.470588235294
2074	0.470588235294
2075	0.235294117647
2076	0.235294117647
2077	0.411764705882
2078	0.294117647059
2079	0.411764705882
2080	0.176470588235
2081	0.117647058824
2082	0.176470588235
2083	0.176470588235
2084	0.176470588235
2085	0.235294117647
2086	0.176470588235
2087	0.117647058824
2088	0.235294117647
2089	0.117647058824
2090	0.0588235294118
2091	0.176470588235
2092	0.176470588235
2093	0.235294117647
2094	0.117647058824
2095	0.117647058824
2096	0.235294117647
2097	0.176470588235
2098	0.176470588235
2099	0.117647058824
2100	0.117647058824
2101	0.117647058824
2102	0.176470588235
2103	0.235294117647
2104	0.235294117647
2105	0.470588235294
2106	0.470588235294
2107	0.294117647059
2108	0.352941176471
2109	0.294117647059
2110	0.294117647059
2111	0.411764705882
2112	0.352941176471
2113	0.235294117647
2114	0.176470588235
2115	0.352941176471
2116	0.235294117647
2117	0.294117647059
2118	0.470588235294
2119	0.294117647059
2120	0.352941176471
2121	0.470588235294
2122	0.176470588235
2123	0.352941176471
2124	0.235294117647
2125	0.352941176471
2126	0.294117647059
2127	0.235294117647
2128	0.294117647059
2129	0.470588235294
2130	0.411764705882
2131	0.176470588235
2132	0.411764705882
2133	0.352941176471
2134	0.352941176471
2135	0.117647058824
2136	0.117647058824
2137	0.117647058824
2138	0.0588235294118
2139	0.0588235294118
2140	0.0588235294118
2141	0.0588235294118
2142	0.0588235294118
2143	0.0588235294118
2144	0.0588235294118
2145	0.0588235294118
2146	0.0588235294118
2147	0.0588235294118
2148	0.0588235294118
2149	0.0588235294118
2150	0.0588235294118
2151	0.0588235294118
2152	0.0588235294118
2153	0.0588235294118
2154	0.0588235294118
2155	0.0588235294118
2156	0.0588235294118
2157	0.0588235294118
2158	0.0588235294118
2159	0.0588235294118
2160	0.0588235294118
2161	0.0588235294118
2162	0.0588235294118
2163	0.0588235294118
2164	0.0588235294118
2165	0.0588235294118
2166	0.0588235294118
2167	0.0588235294118
2168	0.0588235294118
2169	0.0588235294118
2170	0.0588235294118
2171	0.0588235294118
2172	0.0588235294118
2173	0.0588235294118
2174	0.0588235294118
2175	0.0588235294118
2176	0.0588235294118
2177	0.0588235294118
2178	0.0588235294118
2179	0.0588235294118
2180	0.0588235294118
2181	0.0588235294118
2182	0.0588235294118
2183	0.0588235294118
2184	0.0588235294118
2185	0.0588235294118
2186	0.0588235294118
2187	0.0588235294118
2188	0.0588235294118
2189	0.0588235294118
2190	0.0588235294118
2191	0.0588235294118
2192	0.0588235294118
2193	0.0588235294118
2194	0.0588235294118
2195	0.0588235294118
2196	0.0588235294118
2197	0.0588235294118
2198	0.0588235294118
2199	0.0588235294118
2200	0.117647058824
2201	0.117647058824
2202	0.0588235294118
2203	0.117647058824
2204	0.0588235294118
2205	0.117647058824
2206	0.0588235294118
2207	0.0588235294118
2208	0.0588235294118
2209	0.0588235294118
2210	0.0588235294118
2211	0.117647058824
2212	0.117647058824
2213	0.0588235294118
2214	0.117647058824
2215	0.117647058824
2216	0.0588235294118
2217	0.0588235294118
2218	0.0588235294118
2219	0.0588235294118
2220	0.0588235294118
2221	0.117647058824
2222	0.0588235294118
2223	0.117647058824
2224	0.0588235294118
2225	0.0588235294118
2226	0.0588235294118
2227	0.0588235294118
2228	0.0588235294118
2229	0.117647058824
2230	0.176470588235
2231	0.176470588235
2232	0.117647058824
2233	0.117647058824
2234	0.176470588235
2235	0.176470588235
2236	0.176470588235
2237	0.117647058824
2238	0.117647058824
2239	0.117647058824
2240	0.0588235294118
2241	0.0588235294118
2242	0.117647058824
2243	0.117647058824
2244	0.117647058824
2245	0.0588235294118
2246	0.117647058824
2247	0.0588235294118
2248	0.117647058824
2249	0.0588235294118
2250	0.0588235294118
2251	0.0588235294118
2252	0.0588235294118
2253	0.0588235294118
2254	0.0588235294118
2255	0.0588235294118
2256	0.0588235294118
2257	0.0588235294118
2258	0.0588235294118
2259	0.0588235294118
2260	0.0588235294118
2261	0.117647058824
2262	0.117647058824
2263	0.0588235294118
2264	0.117647058824
2265	0.176470588235
2266	0.117647058824
2267	0.176470588235
2268	0.117647058824
2269	0.176470588235
2270	0.117647058824
2271	0.117647058824
2272	0.117647058824
2273	0.0588235294118
2274	0.117647058824
2275	0.0588235294118
2276	0.294117647059
2277	0.235294117647
2278	0.235294117647
2279	0.352941176471
2280	0.470588235294
2281	0.352941176471
2282	0.470588235294
2283	0.294117647059
2284	0.352941176471
2285	0.352941176471
2286	0.235294117647
2287	0.411764705882
2288	0.235294117647
2289	0.352941176471
2290	0.352941176471
2291	0.235294117647
2292	0.294117647059
2293	0.294117647059
2294	0.176470588235
2295	0.235294117647
2296	0.294117647059
2297	0.235294117647
2298	0.235294117647
2299	0.235294117647
2300	0.235294117647
2301	0.235294117647
2302	0.294117647059
2303	0.235294117647
2304	0.352941176471
2305	0.235294117647
2306	0.352941176471
2307	0.352941176471
2308	0.470588235294
2309	0.352941176471
2310	0.647058823529
2311	0.470588235294
2312	0.352941176471
2313	0.529411764706
2314	0.294117647059
2315	0.470588235294
2316	0.411764705882
2317	0.352941176471
2318	0.470588235294
2319	0.352941176471
2320	0.294117647059
2321	0.294117647059
2322	0.176470588235
2323	0.176470588235
2324	0.0588235294118
2325	0.0588235294118
2326	0.0588235294118
2327	0.0588235294118
2328	0.0588235294118
2329	0.294117647059
2330	0.235294117647
2331	0.294117647059
2332	0.294117647059
2333	0.294117647059
2334	0.352941176471
2335	0.352941176471
2336	0.294117647059
2337	0.294117647059
2338	0.294117647059
2339	0.294117647059
2340	0.294117647059
2341	0.294117647059
2342	0.294117647059
2343	0.294117647059
2344	0.0588235294118
2345	0.0588235294118
2346	0.0588235294118
2347	0.0588235294118
2348	0.0588235294118
2349	0.0588235294118
2350	0.0588235294118
2351	0.0588235294118
2352	0.0588235294118
2353	0.0588235294118
2354	0.0588235294118
2355	0.0588235294118
2356	0.0588235294118
2357	0.0588235294118
2358	0.0588235294118
2359	0.0588235294118
2360	0.0588235294118
2361	0.0588235294118
2362	0.0588235294118
2363	0.235294117647
2364	0.176470588235
2365	0.235294117647
2366	0.176470588235
2367	0.294117647059
2368	0.235294117647
2369	0.176470588235
2370	0.235294117647
2371	0.294117647059
2372	0.235294117647
2373	0.294117647059
2374	0.294117647059
2375	0.294117647059
2376	0.235294117647
2377	0.176470588235
2378	0.352941176471
2379	0.235294117647
2380	0.294117647059
2381	0.235294117647
2382	0.235294117647
2383	0.176470588235
2384	0.176470588235
2385	0.176470588235
2386	0.235294117647
2387	0.294117647059
2388	0.0588235294118
2389	0.0588235294118
2390	0.0588235294118
2391	0.0588235294118
2392	0.0588235294118
2393	0.0588235294118
2394	0.235294117647
2395	0.294117647059
2396	0.352941176471
2397	0.235294117647
2398	0.294117647059
2399	0.235294117647
2400	0.176470588235
2401	0.235294117647
2402	0.235294117647
2403	0.235294117647
2404	0.235294117647
2405	0.294117647059
2406	0.235294117647
2407	0.117647058824
2408	0.235294117647
2409	0.117647058824
2410	0.235294117647
2411	0.176470588235
2412	0.294117647059
2413	0.176470588235
2414	0.294117647059
2415	0.176470588235
2416	0.176470588235
2417	0.117647058824
2418	0.235294117647
2419	0.176470588235
2420	0.235294117647
2421	0.176470588235
2422	0.117647058824
2423	0.176470588235
2424	0.176470588235
2425	0.176470588235
2426	0.294117647059
2427	0.176470588235
2428	0.235294117647
2429	0.0588235294118
2430	0.117647058824
2431	0.0588235294118
2432	0.117647058824
2433	0.0588235294118
2434	0.0588235294118
2435	0.0588235294118
2436	0.0588235294118
2437	0.0588235294118
2438	0.0588235294118
2439	0.0588235294118
2440	0.0588235294118
2441	0.0588235294118
2442	0.0588235294118
2443	0.0588235294118
2444	0.0588235294118
2445	0.0588235294118
2446	0.0588235294118
2447	0.0588235294118
2448	0.0588235294118
2449	0.0588235294118
2450	0.0588235294118
2451	0.117647058824
2452	0.0588235294118
2453	0.117647058824
2454	0.117647058824
2455	0.117647058824
2456	0.0588235294118
2457	0.117647058824
2458	0.0588235294118
2459	0.117647058824
2460	0.117647058824
2461	0.0588235294118
2462	0.0588235294118
2463	0.0588235294118
2464	0.0588235294118
2465	0.0588235294118
2466	0.117647058824
2467	0.0588235294118
2468	0.0588235294118
2469	0.117647058824
2470	0.294117647059
2471	0.235294117647
2472	0.117647058824
2473	0.176470588235
2474	0.235294117647
2475	0.235294117647
2476	0.176470588235
2477	0.176470588235
2478	0.176470588235
2479	0.235294117647
2480	0.235294117647
2481	0.117647058824
2482	0.176470588235
2483	0.176470588235
2484	0.235294117647
2485	0.294117647059
2486	0.235294117647
2487	0.176470588235
2488	0.176470588235
2489	0.294117647059
2490	0.117647058824
2491	0.176470588235
2492	0.235294117647
2493	0.117647058824
2494	0.0588235294118
2495	0.0588235294118
2496	0.0588235294118
2497	0.0588235294118
2498	0.117647058824
2499	0.0588235294118
2500	0.117647058824
2501	0.0588235294118
2502	0.0588235294118
2503	0.0588235294118
2504	0.0588235294118
2505	0.0588235294118
2506	0.0588235294118
2507	0.0588235294118
2508	0.0588235294118
2509	0.0588235294118
2510	0.0588235294118
2511	0.0588235294118
2512	0.0588235294118
2513	0.0588235294118
2514	0.0588235294118
2515	0.0588235294118
2516	0.0588235294118
2517	0.0588235294118
2518	0.0588235294118
2519	0.0588235294118
2520	0.0588235294118
2521	0.0588235294118
2522	0.0588235294118
2523	0.0588235294118
2524	0.0588235294118
2525	0.0588235294118
2526	0.0588235294118
2527	0.0588235294118
2528	0.0588235294118
2529	0.0588235294118
2530	0.0588235294118
2531	0.0588235294118
2532	0.0588235294118
2533	0.0588235294118
2534	0.0588235294118
2535	0.0588235294118
2536	0.0588235294118
2537	0.0588235294118
2538	0.0588235294118
2539	0.0588235294118
2540	0.0588235294118
2541	0.0588235294118
2542	0.0588235294118
2543	0.0588235294118
2544	0.0588235294118
2545	0.0588235294118
2546	0.0588235294118
2547	0.0588235294118
2548	0.0588235294118
2549	0.0588235294118
2550	0.0588235294118
2551	0.0588235294118
2552	0.0588235294118
2553	0.0588235294118
2554	0.0588235294118
2555	0.0588235294118
2556	0.0588235294118
2557	0.0588235294118
2558	0.0588235294118
2559	0.0588235294118
2560	0.0588235294118
2561	0.0588235294118
2562	0.0588235294118
2563	0.0588235294118
2564	0.0588235294118
2565	0.0588235294118
2566	0.0588235294118
2567	0.0588235294118
2568	0.0588235294118
2569	0.0588235294118
2570	0.0588235294118
2571	0.0588235294118
2572	0.0588235294118
2573	0.0588235294118
2574	0.0588235294118
2575	0.0588235294118
2576	0.0588235294118
2577	0.0588235294118
2578	0.0588235294118
2579	0.0588235294118
2580	0.0588235294118
2581	0.0588235294118
2582	0.0588235294118
2583	0.176470588235
2584	0.176470588235
2585	0.117647058824
2586	0.176470588235
2587	0.117647058824
2588	0.117647058824
2589	0.176470588235
2590	0.117647058824
2591	0.117647058824
2592	0.176470588235
2593	0.176470588235
2594	0.117647058824
2595	0.117647058824
2596	0.117647058824
2597	0.176470588235
2598	0.176470588235
2599	0.117647058824
2600	0.117647058824
2601	0.176470588235
2602	0.117647058824
2603	0.176470588235
2604	0.176470588235
2605	0.117647058824
2606	0.176470588235
2607	0.117647058824
2608	0.117647058824
2609	0.176470588235
2610	0.176470588235
2611	0.117647058824
2612	0.176470588235
2613	0.176470588235
2614	0.176470588235
2615	0.117647058824
2616	0.117647058824
2617	0.0588235294118
2618	0.117647058824
2619	0.235294117647
2620	0.176470588235
2621	0.117647058824
2622	0.176470588235
2623	0.235294117647
2624	0.294117647059
2625	0.176470588235
2626	0.117647058824
2627	0.176470588235
2628	0.352941176471
2629	0.235294117647
2630	0.294117647059
2631	0.235294117647
2632	0.176470588235
2633	0.294117647059
2634	0.352941176471
2635	0.235294117647
2636	0.176470588235
2637	0.235294117647
2638	0.235294117647
2639	0.176470588235
2640	0.176470588235
2641	0.176470588235
2642	0.176470588235
2643	0.235294117647
2644	0.176470588235
2645	0.235294117647
2646	0.117647058824
2647	0.117647058824
2648	0.0588235294118
2649	0.0588235294118
2650	0.0588235294118
2651	0.0588235294118
2652	0.0588235294118
2653	0.0588235294118
2654	0.0588235294118
2655	0.0588235294118
2656	0.0588235294118
2657	0.0588235294118
2658	0.0588235294118
2659	0.0588235294118
2660	0.0588235294118
2661	0.0588235294118
2662	0.0588235294118
2663	0.0588235294118
2664	0.0588235294118
2665	0.0588235294118
2666	0.0588235294118
2667	0.117647058824
2668	0.117647058824
2669	0.117647058824
2670	0.117647058824
2671	0.117647058824
2672	0.0588235294118
2673	0.117647058824
2674	0.117647058824
2675	0.117647058824
2676	0.117647058824
2677	0.0588235294118
2678	0.0588235294118
2679	0.117647058824
2680	0.0588235294118
2681	0.0588235294118
2682	0.0588235294118
2683	0.0588235294118
2684	0.0588235294118
2685	0.0588235294118
2686	0.0588235294118
2687	0.0588235294118
2688	0.0588235294118
2689	0.117647058824
2690	0.0588235294118
2691	0.117647058824
2692	0.117647058824
2693	0.0588235294118
2694	0.0588235294118
2695	0.0588235294118
2696	0.117647058824
2697	0.117647058824
2698	0.117647058824
2699	0.117647058824
2700	0.0588235294118
2701	0.0588235294118
2702	0.117647058824
2703	0.117647058824
2704	0.0588235294118
2705	0.0588235294118
2706	0.0588235294118
2707	0.0588235294118
2708	0.0588235294118
2709	0.117647058824
2710	0.117647058824
2711	0.117647058824
2712	0.176470588235
2713	0.235294117647
2714	0.235294117647
2715	0.176470588235
2716	0.352941176471
2717	0.294117647059
2718	0.176470588235
2719	0.117647058824
2720	0.176470588235
2721	0.294117647059
2722	0.294117647059
2723	0.176470588235
2724	0.294117647059
2725	0.235294117647
2726	0.235294117647
2727	0.117647058824
2728	0.235294117647
2729	0.176470588235
2730	0.176470588235
2731	0.235294117647
2732	0.294117647059
2733	0.176470588235
2734	0.352941176471
2735	0.235294117647
2736	0.235294117647
2737	0.235294117647
2738	0.294117647059
2739	0.352941176471
2740	0.294117647059
2741	0.235294117647
2742	0.176470588235
2743	0.352941176471
2744	0.235294117647
2745	0.235294117647
2746	0.352941176471
2747	0.352941176471
2748	0.235294117647
2749	0.352941176471
2750	0.411764705882
2751	0.411764705882
2752	0.176470588235
2753	0.352941176471
2754	0.294117647059
2755	0.352941176471
2756	0.294117647059
2757	0.294117647059
2758	0.294117647059
2759	0.235294117647
2760	0.352941176471
2761	0.176470588235
2762	0.294117647059
2763	0.176470588235
2764	0.411764705882
2765	0.294117647059
2766	0.352941176471
2767	0.176470588235
2768	0.294117647059
2769	0.235294117647
2770	0.0588235294118
2771	0.117647058824
2772	0.0588235294118
2773	0.0588235294118
2774	0.117647058824
2775	0.0588235294118
2776	0.117647058824
2777	0.117647058824
2778	0.117647058824
2779	0.117647058824
2780	0.0588235294118
2781	0.0588235294118
2782	0.0588235294118
2783	0.0588235294118
2784	0.0588235294118
2785	0.0588235294118
2786	0.0588235294118
2787	0.0588235294118
2788	0.0588235294118
2789	0.0588235294118
2790	0.0588235294118
2791	0.0588235294118
2792	0.0588235294118
2793	0.0588235294118
2794	0.0588235294118
2795	0.0588235294118
2796	0.0588235294118
2797	0.0588235294118
2798	0.0588235294118
2799	0.0588235294118
2800	0.0588235294118
2801	0.0588235294118
2802	0.0588235294118
2803	0.0588235294118
2804	0.0588235294118
2805	0.0588235294118
2806	0.0588235294118
2807	0.0588235294118
2808	0.0588235294118
2809	0.0588235294118
2810	0.0588235294118
2811	0.0588235294118
2812	0.0588235294118
2813	0.0588235294118
2814	0.0588235294118
2815	0.0588235294118
2816	0.0588235294118
2817	0.0588235294118
2818	0.0588235294118
2819	0.0588235294118
2820	0.0588235294118
2821	0.0588235294118
2822	0.0588235294118
2823	0.0588235294118
2824	0.0588235294118
2825	0.0588235294118
2826	0.0588235294118
2827	0.0588235294118
2828	0.0588235294118
2829	0.0588235294118
2830	0.0588235294118
2831	0.0588235294118
2832	0.0588235294118
2833	0.0588235294118
2834	0.0588235294118
2835	0.0588235294118
2836	0.0588235294118
2837	0.0588235294118
2838	0.0588235294118
2839	0.0588235294118
2840	0.0588235294118
2841	0.0588235294118
2842	0.0588235294118
2843	0.0588235294118
2844	0.0588235294118
2845	0.0588235294118
2846	0.0588235294118
2847	0.0588235294118
2848	0.0588235294118
2849	0.0588235294118
2850	0.0588235294118
2851	0.0588235294118
2852	0.0588235294118
2853	0.0588235294118
2854	0.0588235294118
2855	0.0588235294118
2856	0.0588235294118
2857	0.0588235294118
2858	0.0588235294118
2859	0.0588235294118
2860	0.0588235294118
2861	0.0588235294118
2862	0.0588235294118
2863	0.0588235294118
2864	0.0588235294118
2865	0.0588235294118
2866	0.0588235294118
2867	0.0588235294118
2868	0.0588235294118
2869	0.0588235294118
2870	0.0588235294118
2871	0.0588235294118
2872	0.0588235294118
2873	0.0588235294118
2874	0.0588235294118
2875	0.0588235294118
2876	0.0588235294118
2877	0.0588235294118
2878	0.0588235294118
2879	0.0588235294118
2880	0.0588235294118
2881	0.0588235294118
2882	0.0588235294118
2883	0.0588235294118
2884	0.0588235294118
2885	0.0588235294118
2886	0.235294117647
2887	0.117647058824
2888	0.294117647059
2889	0.294117647059
2890	0.176470588235
2891	0.176470588235
2892	0.235294117647
2893	0.176470588235
2894	0.235294117647
2895	0.176470588235
2896	0.117647058824
2897	0.235294117647
2898	0.176470588235
2899	0.176470588235
2900	0.176470588235
2901	0.294117647059
2902	0.176470588235
2903	0.176470588235
2904	0.117647058824
2905	0.176470588235
2906	0.235294117647
2907	0.176470588235
2908	0.176470588235
2909	0.117647058824
2910	0.176470588235
2911	0.176470588235
2912	0.294117647059
2913	0.117647058824
2914	0.176470588235
2915	0.117647058824
2916	0.235294117647
2917	0.117647058824
2918	0.294117647059
2919	0.117647058824
2920	0.235294117647
2921	0.235294117647
2922	0.176470588235
2923	0.0588235294118
2924	0.0588235294118
2925	0.294117647059
2926	0.235294117647
2927	0.235294117647
2928	0.235294117647
2929	0.117647058824
2930	0.176470588235
2931	0.235294117647
2932	0.176470588235
2933	0.176470588235
2934	0.176470588235
2935	0.176470588235
2936	0.176470588235
2937	0.117647058824
2938	0.235294117647
2939	0.235294117647
2940	0.176470588235
2941	0.294117647059
2942	0.294117647059
2943	0.294117647059
2944	0.176470588235
2945	0.117647058824
2946	0.117647058824
2947	0.117647058824
2948	0.176470588235
2949	0.117647058824
2950	0.117647058824
2951	0.235294117647
2952	0.294117647059
2953	0.176470588235
2954	0.176470588235
2955	0.176470588235
2956	0.176470588235
2957	0.235294117647
2958	0.176470588235
2959	0.117647058824
2960	0.176470588235
2961	0.176470588235
2962	0.117647058824
2963	0.117647058824
2964	0.176470588235
2965	0.176470588235
2966	0.176470588235
2967	0.176470588235
2968	0.235294117647
2969	0.176470588235
2970	0.176470588235
2971	0.176470588235
2972	0.117647058824
2973	0.176470588235
2974	0.117647058824
2975	0.117647058824
2976	0.176470588235
2977	0.117647058824
2978	0.117647058824
2979	0.235294117647
2980	0.117647058824
2981	0.176470588235
2982	0.176470588235
2983	0.176470588235
2984	0.235294117647
2985	0.117647058824
2986	0.176470588235
2987	0.176470588235
2988	0.117647058824
2989	0.0588235294118
2990	0.0588235294118
2991	0.117647058824
2992	0.0588235294118
2993	0.117647058824
2994	0.117647058824
2995	0.117647058824
2996	0.0588235294118
2997	0.0588235294118
2998	0.0588235294118
2999	0.0588235294118
3000	0.117647058824
3001	0.235294117647
3002	0.117647058824
3003	0.235294117647
3004	0.235294117647
3005	0.176470588235
3006	0.235294117647
3007	0.235294117647
3008	0.117647058824
3009	0.176470588235
3010	0.176470588235
3011	0.117647058824
3012	0.235294117647
3013	0.176470588235
3014	0.176470588235
3015	0.117647058824
3016	0.294117647059
3017	0.176470588235
3018	0.176470588235
3019	0.235294117647
3020	0.235294117647
3021	0.235294117647
3022	0.294117647059
3023	0.235294117647
3024	0.235294117647
3025	0.176470588235
3026	0.117647058824
3027	0.117647058824
3028	0.117647058824
3029	0.0588235294118
3030	0.176470588235
3031	0.235294117647
3032	0.0588235294118
3033	0.0588235294118
3034	0.0588235294118
3035	0.0588235294118
3036	0.0588235294118
3037	0.0588235294118
3038	0.0588235294118
3039	0.0588235294118
3040	0.0588235294118
3041	0.0588235294118
3042	0.0588235294118
3043	0.0588235294118
3044	0.0588235294118
3045	0.0588235294118
3046	0.0588235294118
3047	0.0588235294118
3048	0.0588235294118
3049	0.0588235294118
3050	0.0588235294118
3051	0.0588235294118
3052	0.0588235294118
3053	0.0588235294118
3054	0.0588235294118
3055	0.0588235294118
3056	0.0588235294118
3057	0.0588235294118
3058	0.0588235294118
3059	0.0588235294118
3060	0.0588235294118
3061	0.0588235294118
3062	0.0588235294118
3063	0.0588235294118
3064	0.0588235294118
3065	0.0588235294118
3066	0.0588235294118
3067	0.117647058824
3068	0.117647058824
3069	0.235294117647
3070	0.294117647059
3071	0.294117647059
3072	0.294117647059
3073	0.235294117647
3074	0.235294117647
3075	0.235294117647
3076	0.235294117647
3077	0.235294117647
3078	0.411764705882
3079	0.235294117647
3080	0.352941176471
3081	0.294117647059
3082	0.294117647059
3083	0.294117647059
3084	0.176470588235
3085	0.294117647059
3086	0.294117647059
3087	0.117647058824
3088	0.176470588235
3089	0.235294117647
3090	0.176470588235
3091	0.176470588235
3092	0.117647058824
3093	0.117647058824
3094	0.117647058824
3095	0.235294117647
3096	0.235294117647
3097	0.176470588235
3098	0.235294117647
3099	0.117647058824
3100	0.176470588235
3101	0.117647058824
3102	0.176470588235
3103	0.176470588235
3104	0.176470588235
3105	0.294117647059
3106	0.117647058824
3107	0.294117647059
3108	0.235294117647
3109	0.235294117647
3110	0.176470588235
3111	0.235294117647
3112	0.176470588235
3113	0.294117647059
3114	0.117647058824
3115	0.117647058824
3116	0.235294117647
3117	0.235294117647
3118	0.176470588235
3119	0.176470588235
3120	0.117647058824
3121	0.117647058824
3122	0.235294117647
3123	0.176470588235
3124	0.294117647059
3125	0.176470588235
3126	0.176470588235
3127	0.176470588235
3128	0.235294117647
3129	0.0588235294118
3130	0.117647058824
3131	0.176470588235
3132	0.117647058824
3133	0.176470588235
3134	0.117647058824
3135	0.117647058824
3136	0.176470588235
3137	0.176470588235
3138	0.117647058824
3139	0.117647058824
3140	0.176470588235
3141	0.117647058824
3142	0.176470588235
3143	0.176470588235
3144	0.176470588235
3145	0.176470588235
3146	0.176470588235
3147	0.235294117647
3148	0.176470588235
3149	0.176470588235
3150	0.176470588235
3151	0.176470588235
3152	0.235294117647
3153	0.235294117647
3154	0.294117647059
3155	0.117647058824
3156	0.235294117647
3157	0.294117647059
3158	0.176470588235
3159	0.235294117647
3160	0.176470588235
3161	0.235294117647
3162	0.117647058824
3163	0.235294117647
3164	0.176470588235
3165	0.117647058824
3166	0.117647058824
3167	0.294117647059
3168	0.235294117647
3169	0.176470588235
3170	0.176470588235
3171	0.235294117647
3172	0.235294117647
3173	0.176470588235
3174	0.117647058824
3175	0.176470588235
3176	0.0588235294118
3177	0.117647058824
3178	0.176470588235
3179	0.117647058824
3180	0.176470588235
3181	0.235294117647
3182	0.176470588235
3183	0.235294117647
3184	0.117647058824
3185	0.0588235294118
3186	0.176470588235
3187	0.176470588235
3188	0.117647058824
3189	0.117647058824
3190	0.235294117647
3191	0.176470588235
3192	0.235294117647
3193	0.117647058824
3194	0.117647058824
3195	0.235294117647
3196	0.176470588235
3197	0.176470588235
3198	0.117647058824
3199	0.176470588235
3200	0.176470588235
3201	0.176470588235
3202	0.0588235294118
3203	0.0588235294118
3204	0.0588235294118
3205	0.0588235294118
3206	0.0588235294118
3207	0.0588235294118
3208	0.0588235294118
3209	0.0588235294118
3210	0.0588235294118
3211	0.0588235294118
3212	0.0588235294118
3213	0.0588235294118
3214	0.0588235294118
3215	0.0588235294118
3216	0.0588235294118
3217	0.0588235294118
3218	0.0588235294118
3219	0.0588235294118
3220	0.0588235294118
3221	0.0588235294118
3222	0.0588235294118
3223	0.0588235294118
3224	0.0588235294118
3225	0.0588235294118
3226	0.0588235294118
3227	0.0588235294118
3228	0.0588235294118
3229	0.0588235294118
3230	0.0588235294118
3231	0.0588235294118
3232	0.0588235294118
3233	0.117647058824
3234	0.0588235294118
3235	0.117647058824
3236	0.117647058824
3237	0.117647058824
3238	0.0588235294118
3239	0.117647058824
3240	0.0588235294118
3241	0.0588235294118
3242	0.0588235294118
3243	0.117647058824
3244	0.0588235294118
3245	0.117647058824
3246	0.117647058824
3247	0.117647058824
3248	0.0588235294118
3249	0.117647058824
3250	0.117647058824
3251	0.117647058824
3252	0.0588235294118
3253	0.117647058824
3254	0.0588235294118
3255	0.0588235294118
3256	0.117647058824
3257	0.117647058824
3258	0.0588235294118
3259	0.0588235294118
3260	0.0588235294118
3261	0.0588235294118
3262	0.117647058824
3263	0.0588235294118
3264	0.117647058824
3265	0.117647058824
3266	0.0588235294118
3267	0.117647058824
3268	0.117647058824
3269	0.117647058824
3270	0.117647058824
3271	0.176470588235
3272	0.176470588235
3273	0.235294117647
3274	0.117647058824
3275	0.176470588235
3276	0.294117647059
3277	0.294117647059
3278	0.294117647059
3279	0.176470588235
3280	0.294117647059
3281	0.294117647059
3282	0.294117647059
3283	0.352941176471
3284	0.294117647059
3285	0.176470588235
3286	0.176470588235
3287	0.294117647059
3288	0.176470588235
3289	0.235294117647
3290	0.117647058824
3291	0.235294117647
3292	0.176470588235
3293	0.235294117647
3294	0.176470588235
3295	0.176470588235
3296	0.176470588235
3297	0.176470588235
3298	0.117647058824
3299	0.176470588235
3300	0.235294117647
3301	0.117647058824
3302	0.117647058824
3303	0.235294117647
3304	0.176470588235
3305	0.235294117647
3306	0.176470588235
3307	0.117647058824
3308	0.294117647059
3309	0.352941176471
3310	0.176470588235
3311	0.235294117647
3312	0.294117647059
3313	0.352941176471
3314	0.294117647059
3315	0.176470588235
3316	0.235294117647
3317	0.176470588235
3318	0.235294117647
3319	0.294117647059
3320	0.0588235294118
3321	0.0588235294118
3322	0.0588235294118
3323	0.0588235294118
3324	0.0588235294118
3325	0.0588235294118
3326	0.0588235294118
3327	0.0588235294118
3328	0.0588235294118
3329	0.0588235294118
3330	0.0588235294118
3331	0.0588235294118
3332	0.0588235294118
3333	0.0588235294118
3334	0.0588235294118
3335	0.0588235294118
3336	0.0588235294118
3337	0.0588235294118
3338	0.0588235294118
3339	0.0588235294118
3340	0.0588235294118
3341	0.0588235294118
3342	0.0588235294118
3343	0.0588235294118
3344	0.0588235294118
3345	0.0588235294118
3346	0.0588235294118
3347	0.0588235294118
3348	0.0588235294118
3349	0.0588235294118
3350	0.0588235294118
3351	0.0588235294118
3352	0.0588235294118
3353	0.0588235294118
3354	0.0588235294118
3355	0.0588235294118
3356	0.0588235294118
3357	0.0588235294118
3358	0.0588235294118
3359	0.0588235294118
3360	0.0588235294118
3361	0.0588235294118
3362	0.0588235294118
3363	0.0588235294118
3364	0.0588235294118
3365	0.0588235294118
3366	0.0588235294118
3367	0.0588235294118
3368	0.0588235294118
3369	0.0588235294118
3370	0.0588235294118
3371	0.0588235294118
3372	0.0588235294118
3373	0.0588235294118
3374	0.0588235294118
3375	0.0588235294118
3376	0.0588235294118
3377	0.176470588235
3378	0.176470588235
3379	0.176470588235
3380	0.176470588235
3381	0.176470588235
3382	0.235294117647
3383	0.176470588235
3384	0.117647058824
3385	0.117647058824
3386	0.117647058824
3387	0.235294117647
3388	0.235294117647
3389	0.235294117647
3390	0.235294117647
3391	0.117647058824
3392	0.176470588235
3393	0.176470588235
3394	0.117647058824
3395	0.117647058824
3396	0.176470588235
3397	0.176470588235
3398	0.235294117647
3399	0.0588235294118
3400	0.0588235294118
3401	0.0588235294118
3402	0.117647058824
3403	0.176470588235
3404	0.176470588235
3405	0.176470588235
3406	0.176470588235
3407	0.176470588235
3408	0.176470588235
3409	0.117647058824
3410	0.176470588235
3411	0.117647058824
3412	0.352941176471
3413	0.235294117647
3414	0.352941176471
3415	0.176470588235
3416	0.294117647059
3417	0.235294117647
3418	0.235294117647
3419	0.294117647059
3420	0.235294117647
3421	0.176470588235
3422	0.235294117647
3423	0.176470588235
3424	0.235294117647
3425	0.294117647059
3426	0.411764705882
3427	0.176470588235
3428	0.352941176471
3429	0.352941176471
3430	0.176470588235
3431	0.176470588235
3432	0.352941176471
3433	0.117647058824
3434	0.176470588235
3435	0.0588235294118
3436	0.0588235294118
3437	0.0588235294118
3438	0.0588235294118
3439	0.0588235294118
3440	0.0588235294118
3441	0.0588235294118
3442	0.0588235294118
3443	0.0588235294118
3444	0.0588235294118
3445	0.0588235294118
3446	0.0588235294118
3447	0.0588235294118
3448	0.0588235294118
3449	0.0588235294118
3450	0.0588235294118
3451	0.0588235294118
3452	0.0588235294118
3453	0.0588235294118
3454	0.0588235294118
3455	0.0588235294118
3456	0.0588235294118
3457	0.0588235294118
3458	0.0588235294118
3459	0.0588235294118
3460	0.0588235294118
3461	0.0588235294118
3462	0.0588235294118
3463	0.0588235294118
3464	0.0588235294118
3465	0.0588235294118
3466	0.0588235294118
3467	0.0588235294118
3468	0.0588235294118
3469	0.117647058824
3470	0.117647058824
3471	0.117647058824
3472	0.117647058824
3473	0.0588235294118
3474	0.0588235294118
3475	0.0588235294118
3476	0.0588235294118
3477	0.0588235294118
3478	0.0588235294118
3479	0.0588235294118
3480	0.0588235294118
3481	0.0588235294118
3482	0.0588235294118
3483	0.0588235294118
3484	0.0588235294118
3485	0.0588235294118
3486	0.0588235294118
3487	0.0588235294118
3488	0.0588235294118
3489	0.0588235294118
3490	0.0588235294118
3491	0.0588235294118
3492	0.0588235294118
3493	0.0588235294118
3494	0.0588235294118
3495	0.0588235294118
3496	0.0588235294118
3497	0.0588235294118
3498	0.0588235294118
3499	0.0588235294118
3500	0.0588235294118
3501	0.0588235294118
3502	0.0588235294118
3503	0.0588235294118
3504	0.0588235294118
3505	0.0588235294118
3506	0.0588235294118
3507	0.0588235294118
3508	0.0588235294118
3509	0.0588235294118
3510	0.0588235294118
3511	0.0588235294118
3512	0.0588235294118
3513	0.0588235294118
3514	0.0588235294118
3515	0.0588235294118
3516	0.0588235294118
3517	0.0588235294118
3518	0.0588235294118
3519	0.0588235294118
3520	0.0588235294118
3521	0.0588235294118
3522	0.0588235294118
3523	0.0588235294118
3524	0.0588235294118
3525	0.0588235294118
3526	0.0588235294118
3527	0.0588235294118
3528	0.0588235294118
3529	0.0588235294118
3530	0.0588235294118
3531	0.0588235294118
3532	0.0588235294118
3533	0.0588235294118
3534	0.0588235294118
3535	0.0588235294118
3536	0.0588235294118
3537	0.0588235294118
3538	0.0588235294118
3539	0.0588235294118
3540	0.0588235294118
3541	0.0588235294118
3542	0.0588235294118
3543	0.0588235294118
3544	0.0588235294118
3545	0.0588235294118
3546	0.0588235294118
3547	0.0588235294118
3548	0.0588235294118
3549	0.0588235294118
3550	0.0588235294118
3551	0.0588235294118
3552	0.0588235294118
3553	0.0588235294118
3554	0.0588235294118
3555	0.0588235294118
3556	0.0588235294118
3557	0.0588235294118
3558	0.0588235294118
3559	0.0588235294118
3560	0.0588235294118
3561	0.0588235294118
3562	0.0588235294118
3563	0.0588235294118
3564	0.0588235294118
3565	0.0588235294118
3566	0.117647058824
3567	0.117647058824
3568	0.235294117647
3569	0.176470588235
3570	0.294117647059
3571	0.352941176471
3572	0.294117647059
3573	0.352941176471
3574	0.294117647059
3575	0.294117647059
3576	0.176470588235
3577	0.235294117647
3578	0.235294117647
3579	0.235294117647
3580	0.235294117647
3581	0.235294117647
3582	0.294117647059
3583	0.235294117647
3584	0.411764705882
3585	0.235294117647
3586	0.235294117647
3587	0.352941176471
3588	0.411764705882
3589	0.352941176471
3590	0.294117647059
3591	0.411764705882
3592	0.470588235294
3593	0.235294117647
3594	0.352941176471
3595	0.235294117647
3596	0.294117647059
3597	0.176470588235
3598	0.294117647059
3599	0.235294117647
3600	0.117647058824
3601	0.117647058824
3602	0.117647058824
3603	0.117647058824
3604	0.117647058824
3605	0.117647058824
3606	0.117647058824
3607	0.117647058824
3608	0.117647058824
3609	0.176470588235
3610	0.117647058824
3611	0.117647058824
3612	0.117647058824
3613	0.0588235294118
3614	0.0588235294118
3615	0.0588235294118
3616	0.0588235294118
3617	0.0588235294118
3618	0.0588235294118
3619	0.0588235294118
3620	0.0588235294118
3621	0.0588235294118
3622	0.0588235294118
3623	0.0588235294118
3624	0.0588235294118
3625	0.0588235294118
3626	0.0588235294118
3627	0.0588235294118
3628	0.0588235294118
3629	0.0588235294118
3630	0.176470588235
3631	0.176470588235
3632	0.235294117647
3633	0.176470588235
3634	0.117647058824
3635	0.235294117647
3636	0.235294117647
3637	0.176470588235
3638	0.117647058824
3639	0.235294117647
3640	0.176470588235
3641	0.235294117647
3642	0.176470588235
3643	0.176470588235
3644	0.117647058824
3645	0.235294117647
3646	0.235294117647
3647	0.176470588235
3648	0.117647058824
3649	0.235294117647
3650	0.235294117647
3651	0.117647058824
3652	0.117647058824
3653	0.176470588235
3654	0.176470588235
3655	0.235294117647
3656	0.294117647059
3657	0.235294117647
3658	0.294117647059
3659	0.235294117647
3660	0.176470588235
3661	0.235294117647
3662	0.235294117647
3663	0.176470588235
3664	0.176470588235
3665	0.235294117647
3666	0.176470588235
3667	0.176470588235
3668	0.176470588235
3669	0.294117647059
3670	0.176470588235
3671	0.176470588235
3672	0.352941176471
3673	0.294117647059
3674	0.294117647059
3675	0.235294117647
3676	0.176470588235
3677	0.176470588235
3678	0.176470588235
3679	0.176470588235
3680	0.117647058824
3681	0.117647058824
3682	0.235294117647
3683	0.176470588235
3684	0.294117647059
3685	0.176470588235
3686	0.294117647059
3687	0.294117647059
3688	0.294117647059
3689	0.470588235294
3690	0.294117647059
3691	0.235294117647
3692	0.294117647059
3693	0.176470588235
3694	0.176470588235
3695	0.411764705882
3696	0.294117647059
3697	0.294117647059
3698	0.294117647059
3699	0.176470588235
3700	0.176470588235
3701	0.235294117647
3702	0.235294117647
3703	0.411764705882
3704	0.176470588235
3705	0.117647058824
3706	0.176470588235
3707	0.294117647059
3708	0.235294117647
3709	0.176470588235
3710	0.235294117647
3711	0.176470588235
3712	0.117647058824
3713	0.117647058824
3714	0.294117647059
3715	0.176470588235
3716	0.117647058824
3717	0.294117647059
3718	0.117647058824
3719	0.117647058824
3720	0.117647058824
3721	0.117647058824
3722	0.117647058824
3723	0.117647058824
3724	0.117647058824
3725	0.117647058824
3726	0.117647058824
3727	0.117647058824
3728	0.117647058824
3729	0.117647058824
3730	0.117647058824
3731	0.117647058824
3732	0.117647058824
3733	0.117647058824
3734	0.117647058824
3735	0.117647058824
3736	0.117647058824
3737	0.117647058824
3738	0.0588235294118
3739	0.117647058824
3740	0.117647058824
3741	0.117647058824
3742	0.117647058824
3743	0.0588235294118
3744	0.117647058824
3745	0.117647058824
3746	0.235294117647
3747	0.235294117647
3748	0.235294117647
3749	0.117647058824
3750	0.235294117647
3751	0.235294117647
3752	0.176470588235
3753	0.176470588235
3754	0.117647058824
3755	0.235294117647
3756	0.235294117647
3757	0.117647058824
3758	0.117647058824
3759	0.117647058824
3760	0.117647058824
3761	0.235294117647
3762	0.176470588235
3763	0.235294117647
3764	0.235294117647
3765	0.117647058824
3766	0.117647058824
3767	0.235294117647
3768	0.235294117647
3769	0.117647058824
3770	0.235294117647
3771	0.117647058824
3772	0.117647058824
3773	0.235294117647
3774	0.235294117647
3775	0.117647058824
3776	0.235294117647
3777	0.235294117647
3778	0.117647058824
3779	0.117647058824
3780	0.235294117647
3781	0.117647058824
3782	0.235294117647
3783	0.117647058824
3784	0.117647058824
3785	0.117647058824
3786	0.235294117647
3787	0.235294117647
3788	0.176470588235
3789	0.117647058824
3790	0.117647058824
3791	0.235294117647
3792	0.117647058824
3793	0.235294117647
3794	0.294117647059
3795	0.117647058824
3796	0.235294117647
3797	0.117647058824
3798	0.352941176471
3799	0.176470588235
3800	0.352941176471
3801	0.294117647059
3802	0.176470588235
3803	0.294117647059
3804	0.235294117647
3805	0.235294117647
3806	0.235294117647
3807	0.235294117647
3808	0.176470588235
3809	0.176470588235
3810	0.235294117647
3811	0.235294117647
3812	0.235294117647
3813	0.352941176471
3814	0.294117647059
3815	0.235294117647
3816	0.176470588235
3817	0.176470588235
3818	0.235294117647
3819	0.176470588235
3820	0.235294117647
3821	0.235294117647
3822	0.176470588235
3823	0.176470588235
3824	0.176470588235
3825	0.117647058824
3826	0.117647058824
3827	0.176470588235
3828	0.176470588235
3829	0.117647058824
3830	0.0588235294118
3831	0.294117647059
3832	0.294117647059
3833	0.235294117647
3834	0.176470588235
3835	0.117647058824
3836	0.294117647059
3837	0.176470588235
3838	0.294117647059
3839	0.235294117647
3840	0.0588235294118
3841	0.0588235294118
3842	0.235294117647
3843	0.117647058824
3844	0.117647058824
3845	0.176470588235
3846	0.235294117647
3847	0.176470588235
3848	0.294117647059
3849	0.411764705882
3850	0.294117647059
3851	0.411764705882
3852	0.294117647059
3853	0.352941176471
3854	0.294117647059
3855	0.235294117647
3856	0.235294117647
3857	0.294117647059
3858	0.411764705882
3859	0.352941176471
3860	0.294117647059
3861	0.294117647059
3862	0.294117647059
3863	0.352941176471
3864	0.294117647059
3865	0.470588235294
3866	0.411764705882
3867	0.294117647059
3868	0.529411764706
3869	0.352941176471
3870	0.411764705882
3871	0.411764705882
3872	0.647058823529
3873	0.352941176471
3874	0.529411764706
3875	0.117647058824
3876	0.0588235294118
3877	0.0588235294118
3878	0.117647058824
3879	0.0588235294118
3880	0.0588235294118
3881	0.0588235294118
3882	0.0588235294118
3883	0.0588235294118
3884	0.0588235294118
3885	0.0588235294118
3886	0.0588235294118
3887	0.117647058824
3888	0.117647058824
3889	0.0588235294118
3890	0.0588235294118
3891	0.117647058824
3892	0.117647058824
3893	0.117647058824
3894	0.117647058824
3895	0.235294117647
3896	0.117647058824
3897	0.352941176471
3898	0.176470588235
3899	0.294117647059
3900	0.411764705882
3901	0.470588235294
3902	0.647058823529
3903	0.411764705882
3904	0.294117647059
3905	0.352941176471
3906	0.352941176471
3907	0.470588235294
3908	0.235294117647
3909	0.352941176471
3910	0.352941176471
3911	0.0588235294118
3912	0.0588235294118
3913	0.0588235294118
3914	0.117647058824
3915	0.0588235294118
3916	0.117647058824
3917	0.0588235294118
3918	0.0588235294118
3919	0.0588235294118
3920	0.0588235294118
3921	0.0588235294118
3922	0.0588235294118
3923	0.0588235294118
3924	0.0588235294118
3925	0.0588235294118
3926	0.0588235294118
3927	0.0588235294118
3928	0.0588235294118
3929	0.0588235294118
3930	0.0588235294118
3931	0.0588235294118
3932	0.0588235294118
3933	0.0588235294118
3934	0.0588235294118
3935	0.0588235294118
3936	0.0588235294118
3937	0.0588235294118
3938	0.0588235294118
3939	0.0588235294118
3940	0.0588235294118
3941	0.0588235294118
3942	0.0588235294118
3943	0.0588235294118
3944	0.0588235294118
3945	0.0588235294118
3946	0.0588235294118
3947	0.0588235294118
3948	0.0588235294118
3949	0.0588235294118
3950	0.0588235294118
3951	0.0588235294118
3952	0.0588235294118
3953	0.0588235294118
3954	0.0588235294118
3955	0.0588235294118
3956	0.0588235294118
3957	0.0588235294118
3958	0.0588235294118
3959	0.0588235294118
3960	0.0588235294118
3961	0.0588235294118
3962	0.0588235294118
3963	0.0588235294118
3964	0.0588235294118
3965	0.0588235294118
3966	0.117647058824
3967	0.0588235294118
3968	0.176470588235
3969	0.176470588235
3970	0.235294117647
3971	0.176470588235
3972	0.117647058824
3973	0.176470588235
3974	0.235294117647
3975	0.176470588235
3976	0.352941176471
3977	0.294117647059
3978	0.117647058824
3979	0.117647058824
3980	0.176470588235
3981	0.235294117647
3982	0.117647058824
3983	0.117647058824
3984	0.176470588235
3985	0.176470588235
3986	0.235294117647
3987	0.176470588235
3988	0.117647058824
3989	0.176470588235
3990	0.117647058824
3991	0.176470588235
3992	0.0588235294118
3993	0.117647058824
3994	0.0588235294118
3995	0.176470588235
3996	0.117647058824
3997	0.0588235294118
3998	0.117647058824
3999	0.117647058824
4000	0.117647058824
4001	0.0588235294118
4002	0.117647058824
4003	0.117647058824
4004	0.0588235294118
4005	0.0588235294118
4006	0.0588235294118
4007	0.0588235294118
4008	0.0588235294118
4009	0.0588235294118
4010	0.0588235294118
4011	0.0588235294118
4012	0.0588235294118
4013	0.0588235294118
4014	0.0588235294118
4015	0.0588235294118
4016	0.0588235294118
4017	0.0588235294118
4018	0.0588235294118
4019	0.0588235294118
4020	0.0588235294118
4021	0.0588235294118
4022	0.0588235294118
4023	0.0588235294118
4024	0.0588235294118
4025	0.0588235294118
4026	0.0588235294118
4027	0.0588235294118
4028	0.117647058824
4029	0.176470588235
4030	0.235294117647
